0.9639767 -0.033334374 -0.13820094 -0.22480774
0.9639767 -0.033334374 -0.13820094 -0.22480774
0.9639767 -0.033334374 -0.13820094 -0.22480774
0.9639767 -0.033334374 -0.13820094 -0.22480774
0.9639767 -0.033334374 -0.13820094 -0.22480774
0.9639767 -0.033334374 -0.13820094 -0.22480774
0.9639767 -0.033334374 -0.13820094 -0.22480774
0.9639767 -0.033334374 -0.13820094 -0.22480774
0.9639767 -0.033334374 -0.13820094 -0.22480774
0.9639767 -0.033334374 -0.13820094 -0.22480774
1.0 0.0 0.0 0.0
1.0 0.0 0.0 0.0
1.0 0.0 0.0 0.0
1.0 0.0 0.0 0.0
1.0 0.0 0.0 0.0
1.0 0.0 0.0 0.0
1.0 0.0 0.0 0.0
1.0 0.0 0.0 0.0
1.0 0.0 0.0 0.0
1.0 0.0 0.0 0.0
1.0 0.0 0.0 0.0
1.0 0.0 0.0 0.0
1.0 0.0 0.0 0.0
1.0 0.0 0.0 0.0
1.0 0.0 0.0 0.0
1.0 0.0 0.0 0.0
1.0 0.0 0.0 0.0
1.0 0.0 0.0 0.0
1.0 0.0 0.0 0.0
1.0 0.0 0.0 0.0
1.0 0.0 0.0 0.0
1.0 0.0 0.0 0.0
1.0 0.0 0.0 0.0
1.0 0.0 0.0 0.0
1.0 0.0 0.0 0.0
1.0 0.0 0.0 0.0
1.0 0.0 0.0 0.0
1.0 0.0 0.0 0.0
1.0 0.0 0.0 0.0
1.0 0.0 0.0 0.0
1.0 0.0 0.0 0.0
1.0 0.0 0.0 0.0
1.0 0.0 0.0 0.0
1.0 0.0 0.0 0.0
1.0 0.0 0.0 0.0
1.0 0.0 0.0 0.0
1.0 0.0 0.0 0.0
1.0 0.0 0.0 0.0
1.0 0.0 0.0 0.0
1.0 0.0 0.0 0.0
1.0 0.0 0.0 0.0
1.0 0.0 0.0 0.0
1.0 0.0 0.0 0.0
1.0 0.0 0.0 0.0
1.0 0.0 0.0 0.0
1.0 0.0 0.0 0.0
1.0 0.0 0.0 0.0
1.0 0.0 0.0 0.0
1.0 0.0 0.0 0.0
1.0 0.0 0.0 0.0
1.0 0.0 0.0 0.0
1.0 0.0 0.0 0.0
1.0 0.0 0.0 0.0
1.0 0.0 0.0 0.0
1.0 0.0 0.0 0.0
1.0 0.0 0.0 0.0
1.0 0.0 0.0 0.0
1.0 0.0 0.0 0.0
1.0 0.0 0.0 0.0
1.0 0.0 0.0 0.0
1.0 0.0 0.0 0.0
1.0 0.0 0.0 0.0
1.0 0.0 0.0 0.0
1.0 0.0 0.0 0.0
1.0 0.0 0.0 0.0
1.0 0.0 0.0 0.0
1.0 0.0 0.0 0.0
1.0 0.0 0.0 0.0
1.0 0.0 0.0 0.0
1.0 0.0 0.0 0.0
1.0 0.0 0.0 0.0
1.0 0.0 0.0 0.0
1.0 0.0 0.0 0.0
1.0 0.0 0.0 0.0
1.0 0.0 0.0 0.0
1.0 0.0 0.0 0.0
1.0 0.0 0.0 0.0
1.0 0.0 0.0 0.0
1.0 0.0 0.0 0.0
1.0 0.0 0.0 0.0
1.0 0.0 0.0 0.0
1.0 0.0 0.0 0.0
1.0 0.0 0.0 0.0
1.0 0.0 0.0 0.0
1.0 0.0 0.0 0.0
1.0 0.0 0.0 0.0
1.0 0.0 0.0 0.0
1.0 0.0 0.0 0.0
1.0 0.0 0.0 0.0
1.0 0.0 0.0 0.0
1.0 0.0 0.0 0.0
1.0 0.0 0.0 0.0
1.0 0.0 0.0 0.0
1.0 0.0 0.0 0.0
1.0 0.0 0.0 0.0
1.0 0.0 0.0 0.0
1.0 0.0 0.0 0.0
1.0 0.0 0.0 0.0
1.0 0.0 0.0 0.0
1.0 0.0 0.0 0.0
1.0 0.0 0.0 0.0
1.0 0.0 0.0 0.0
1.0 0.0 0.0 0.0
1.0 0.0 0.0 0.0
1.0 0.0 0.0 0.0
1.0 0.0 0.0 0.0
1.0 0.0 0.0 0.0
1.0 0.0 0.0 0.0
1.0 0.0 0.0 0.0
1.0 0.0 0.0 0.0
1.0 0.0 0.0 0.0
1.0 0.0 0.0 0.0
1.0 0.0 0.0 0.0
1.0 0.0 0.0 0.0
1.0 0.0 0.0 0.0
1.0 0.0 0.0 0.0
1.0 0.0 0.0 0.0
1.0 0.0 0.0 0.0
1.0 0.0 0.0 0.0
1.0 0.0 0.0 0.0
1.0 0.0 0.0 0.0
1.0 0.0 0.0 0.0
1.0 0.0 0.0 0.0
1.0 0.0 0.0 0.0
1.0 0.0 0.0 0.0
1.0 0.0 0.0 0.0
1.0 0.0 0.0 0.0
1.0 0.0 0.0 0.0
1.0 0.0 0.0 0.0
1.0 0.0 0.0 0.0
1.0 0.0 0.0 0.0
1.0 0.0 0.0 0.0
1.0 0.0 0.0 0.0
1.0 0.0 0.0 0.0
1.0 0.0 0.0 0.0
1.0 0.0 0.0 0.0
1.0 0.0 0.0 0.0
1.0 0.0 0.0 0.0
1.0 0.0 0.0 0.0
1.0 0.0 0.0 0.0
1.0 0.0 0.0 0.0
1.0 0.0 0.0 0.0
1.0 0.0 0.0 0.0
1.0 0.0 0.0 0.0
0.99999964 0.0 8.77955E-4 0.0
0.9999877 0.001916728 0.004582474 0.0
0.9999877 0.001916728 0.004582474 0.0
0.9999877 0.001916728 0.004582474 0.0
0.99997723 0.004146372 0.0053334134 0.0
0.9994481 0.03279061 0.0053305924 0.0
0.9928835 0.1176254 4.9760565E-4 0.018612122
0.9665472 0.25397953 0.015082383 0.032459
0.9202943 0.38811478 0.020170841 0.044927135
0.8552753 0.513749 0.025958091 0.062388543
0.75384796 0.6540636 0.0072138086 0.062145464
0.66804355 0.7423664 -0.0049723387 0.050845377
0.62734085 0.77717113 -0.0049744844 0.049232434
0.7330199 0.6786394 -0.026935875 0.03748206
0.86729753 0.4933862 0.0053701224 0.06584932
0.9446671 0.3166255 0.031189421 0.07987162
0.99154353 0.10131675 0.04364534 0.068347484
0.99056673 -0.11799431 0.050083928 0.04844146
0.9445413 -0.32298982 0.051508155 0.029433353
0.852405 -0.5220339 0.028311359 0.009209084
0.74630505 -0.6653793 -0.014677525 0.009160745
0.6707749 -0.74054456 -0.039732516 0.008725181
0.68925077 -0.72328645 -0.041405678 0.008695713
0.8030744 -0.5953999 -0.021694005 0.009989455
0.90987337 -0.41441953 -0.013792932 0.01402498
0.9781339 -0.2041893 -0.0063797235 0.03898889
0.99835426 0.0124288155 0.014309613 0.05412507
0.9691033 0.23496805 0.0033172583 0.074953794
0.89240426 0.4441793 -0.017358005 0.077577665
0.69030267 0.7194995 0.04813445 0.059040282
0.6431451 0.7616531 0.053710967 0.058001548
0.7633495 0.64095825 0.027881136 0.07545097
0.8822948 0.45729417 0.017641826 0.11012197
0.96044993 0.24655926 0.03165938 0.12546754
0.9916284 0.02826392 0.04801181 0.11648678
0.9762616 -0.19083452 0.03698883 0.09553745
0.9149476 -0.39682412 0.012002119 0.072509184
0.8214799 -0.5677429 -0.03137833 0.043060143
0.73929274 -0.6703693 -0.057906747 0.026420377
0.693654 -0.7158353 -0.075705886 0.026318666
0.7003003 -0.70946485 -0.07390213 0.027887302
0.8163343 -0.5752187 -0.044181466 0.027747415
0.89131117 -0.4502393 -0.043975413 0.030251354
0.9595163 -0.27694428 -0.028879583 0.04238453
0.99489045 -0.07998514 -0.0075448155 0.061142482
0.99692494 0.029616265 0.009850502 0.07187814
0.9916815 0.06598163 0.0064919433 0.11032767
0.97631943 0.055323046 0.013226171 0.20872232
0.92515033 0.069426514 0.030027464 0.3719884
0.8545809 0.073407255 0.059297793 0.5106728
0.79227185 0.034923498 0.06414245 0.6057817
0.7338414 -0.003722608 0.06715372 0.67598313
0.70993227 -0.003796935 0.078182444 0.69990677
0.777153 -1.7720461E-4 0.06844821 0.62557817
0.88190883 0.01123057 0.048440557 0.46879023
0.95053387 0.015222547 0.010907191 0.31005606
0.9899691 0.014689738 0.009200703 0.14021736
0.99962205 0.011424865 -0.008215606 -0.023616672
0.9841746 0.042673282 -0.038210392 -0.16768855
0.94750834 0.09832623 -0.02274549 -0.3033855
0.9080446 0.1208991 0.013130762 -0.40083158
0.87050676 0.11400359 0.024023432 -0.4781673
0.83256495 0.10494967 0.009503805 -0.54381144
0.8282358 0.102647334 0.009692522 -0.55081296
0.8885375 0.09154149 0.043800656 -0.44744027
0.9590153 0.04258281 0.074126475 -0.27015114
0.99013966 0.024432506 0.06985207 -0.11894226
0.9978679 0.031824972 0.037474338 0.04292393
0.97002923 0.032220267 0.049402177 0.23572174
0.90991616 -0.0108367205 0.076810196 0.40747437
0.8364023 0.0118926335 0.09010319 0.5405286
0.7646519 0.046006013 0.1074447 0.633756
0.71974 0.04153643 0.103519835 0.6852246
0.7119235 0.041666362 0.09795147 0.69414294
0.77155954 0.03061951 0.09392233 0.62844
0.8637565 0.0052858293 0.0982511 0.49421
0.9517184 0.021717874 0.083656006 0.294554
0.99650913 0.028742988 0.03466827 0.07029707
0.9933221 -0.022583544 -0.037058532 -0.10690153
0.9661834 -0.012910545 -0.036701024 -0.25490427
0.92692983 0.019604512 -0.0076975226 -0.3746432
0.8884755 0.024689974 0.016186992 -0.45797372
0.8606334 0.0247679 0.048651904 -0.5062902
0.845515 0.024846356 0.05746743 -0.5302683
0.8559223 0.024924882 0.05321071 -0.51375526
0.9124698 0.020154564 0.06986899 -0.4026301
0.9647246 -0.041846752 0.0918623 -0.24313903
0.9910128 -0.04892689 0.10210091 -0.0712412
0.9960634 0.011235558 0.06773556 0.056066684
0.99473774 0.03552085 -0.014208913 0.095042884
0.9808053 0.06487409 -0.15749753 0.0949059
0.95009065 0.09448231 -0.28245336 0.09284914
0.911062 0.11691443 -0.3878249 0.07673869
0.86598444 0.11820595 -0.48075956 0.070487514
0.81153536 0.11261063 -0.56904376 0.07013137
0.7913035 0.108073115 -0.5977246 0.06988851
0.8471138 0.10780859 -0.51568633 0.069592096
0.9224299 0.083945476 -0.36857718 0.07891243
0.9844911 0.043734275 -0.15362096 0.0725616
0.9957596 0.005758508 0.070651114 0.058635425
0.95900285 -0.015999079 0.27592003 0.06265624
0.90840566 -0.07250333 0.40523586 0.07298202
0.83544564 -0.10950202 0.5315636 0.0864869
0.7754151 -0.114804745 0.6145173 0.08899439
0.7630939 -0.1020779 0.6319939 0.08860844
0.81775534 -0.09794235 0.560282 0.088133104
0.9020766 -0.08741963 0.41098633 0.09851787
0.9647487 -0.06689924 0.2326482 0.103243925
0.9944594 -0.02927655 0.06762221 0.07497223
0.99247175 0.038191885 -0.10309708 0.053965613
0.95014864 0.077198654 -0.29792178 0.050005756
0.8872249 0.0852266 -0.45062047 0.050096586
0.8198042 0.070741154 -0.5664498 0.04529207
0.77902067 0.060175795 -0.62297434 0.037533287
0.81148773 0.05786015 -0.5802856 0.03752877
0.9034454 0.03324181 -0.4255634 0.039713982
0.972387 -0.002808392 -0.23046696 0.036617126
0.9991619 -0.015854955 -0.012017131 0.035772264
0.9893477 0.008192798 0.13637516 0.050260056
0.95280045 0.041591432 0.28369567 0.099791795
0.8787764 0.07465563 0.44711998 0.14920577
0.83150494 0.10145514 0.52132344 0.16287513
0.8104332 0.13310978 0.5470388 0.16195206
0.8631035 0.13641173 0.4675709 0.13349806
0.93506473 0.12072655 0.3143559 0.1107223
0.9777529 0.11119662 0.14327322 0.105392165
0.9888993 0.097038575 0.03892518 0.10557726
0.9897803 0.088072 -0.03757721 0.10567131
0.9870728 0.11475877 -0.03757876 0.10538227
0.9889927 0.10055211 -0.02518022 0.10558726
0.99000365 0.0899226 -0.02520597 0.10569521
0.99000365 0.0899226 -0.02520597 0.10569521
0.99000365 0.0899226 -0.02520597 0.10569521
0.99125856 0.074751064 -0.024877548 0.1058292
0.9924313 0.060361907 -0.014506638 0.10595438
0.9932889 0.045829184 -0.00560385 0.10604592
0.9933835 0.045833547 -0.0034320354 0.10524562
0.9952863 0.041150954 0.0051589534 0.08766537
0.9958391 0.04117381 0.0072103254 0.08097657
0.9958391 0.04117381 0.0072103254 0.08097657
0.9958391 0.04117381 0.0072103254 0.08097657
0.9958391 0.04117381 0.0072103254 0.08097657
0.9958391 0.04117381 0.0072103254 0.08097657
0.9958391 0.04117381 0.0072103254 0.08097657
0.9958391 0.04117381 0.0072103254 0.08097657
0.9958391 0.04117381 0.0072103254 0.08097657
0.9958391 0.04117381 0.0072103254 0.08097657
0.9958391 0.04117381 0.0072103254 0.08097657
0.9958391 0.04117381 0.0072103254 0.08097657
0.9958391 0.04117381 0.0072103254 0.08097657
0.9958391 0.04117381 0.0072103254 0.08097657
0.9958391 0.04117381 0.0072103254 0.08097657
0.9958391 0.04117381 0.0072103254 0.08097657
0.9958391 0.04117381 0.0072103254 0.08097657
0.9958391 0.04117381 0.0072103254 0.08097657
0.9958391 0.04117381 0.0072103254 0.08097657
0.9958391 0.04117381 0.0072103254 0.08097657
0.9958391 0.04117381 0.0072103254 0.08097657
0.9958391 0.04117381 0.0072103254 0.08097657
0.9958391 0.04117381 0.0072103254 0.08097657
0.9958391 0.04117381 0.0072103254 0.08097657
0.9958391 0.04117381 0.0072103254 0.08097657
0.9958391 0.04117381 0.0072103254 0.08097657
0.9958391 0.04117381 0.0072103254 0.08097657
0.9958391 0.04117381 0.0072103254 0.08097657
0.9958391 0.04117381 0.0072103254 0.08097657
0.9958391 0.04117381 0.0072103254 0.08097657
0.9958391 0.04117381 0.0072103254 0.08097657
0.9958391 0.04117381 0.0072103254 0.08097657
0.9958391 0.04117381 0.0072103254 0.08097657
0.9958391 0.04117381 0.0072103254 0.08097657
0.9958391 0.04117381 0.0072103254 0.08097657
0.9958391 0.04117381 0.0072103254 0.08097657
0.9958391 0.04117381 0.0072103254 0.08097657
0.9958391 0.04117381 0.0072103254 0.08097657
0.9958391 0.04117381 0.0072103254 0.08097657
0.9958391 0.04117381 0.0072103254 0.08097657
0.9958391 0.04117381 0.0072103254 0.08097657
0.9958391 0.04117381 0.0072103254 0.08097657
0.9958391 0.04117381 0.0072103254 0.08097657
0.9958391 0.04117381 0.0072103254 0.08097657
0.9958391 0.04117381 0.0072103254 0.08097657
0.9958391 0.04117381 0.0072103254 0.08097657
0.9958391 0.04117381 0.0072103254 0.08097657
0.9958391 0.04117381 0.0072103254 0.08097657
0.9958391 0.04117381 0.0072103254 0.08097657
0.9958391 0.04117381 0.0072103254 0.08097657
0.9958391 0.04117381 0.0072103254 0.08097657
0.9958391 0.04117381 0.0072103254 0.08097657
0.9958391 0.04117381 0.0072103254 0.08097657
0.9958391 0.04117381 0.0072103254 0.08097657
0.9958391 0.04117381 0.0072103254 0.08097657
0.99583185 0.04117351 0.008162239 0.08097598
0.99486506 0.07473738 0.0077942256 0.067802384
0.9680128 0.24107882 0.023540169 0.065408446
0.8894154 0.447579 0.06051832 0.070362695
0.78541666 0.6081879 0.07394411 0.08809354
0.71061724 0.6941867 0.073663056 0.08775874
0.6501566 0.75111973 0.07362875 0.08771785
0.643178 0.7575393 0.06896382 0.087751545
0.7640562 0.63635004 0.062913835 0.08554853
0.88819087 0.4398191 0.07797667 0.107683636
0.9657366 0.2296838 0.058222987 0.10586888
0.9944573 0.0022797715 0.018223036 0.10352526
0.97251874 -0.2097485 -0.0020029545 0.10103928
0.91524535 -0.3893571 -0.027459323 0.099864066
0.857872 -0.5010351 -0.055975854 0.0994286
0.81308085 -0.5690483 -0.072598875 0.09906088
0.7919331 -0.5979637 -0.074302614 0.09879604
0.7948756 -0.59432256 -0.07259303 0.098405704
0.88827354 -0.4463389 -0.046352506 0.09799584
0.96266395 -0.247419 -0.020374238 0.10792092
0.990814 -0.03768891 0.011986106 0.12931897
0.97113323 0.18384092 0.045474026 0.14503404
0.90599984 0.38947678 0.05614627 0.1559482
0.7951554 0.58554286 0.06332844 0.14441967
0.67459893 0.7256807 0.068901256 0.11643289
0.53459847 0.833083 0.09869494 0.1021603
0.69879 0.70681745 0.069219604 0.08550021
0.84458977 0.5291365 0.0184921 0.079629034
0.93769807 0.32906356 0.009503354 0.11112711
0.98706746 0.117019385 -0.01617682 0.10836422
0.9901042 -0.10199827 -0.04849565 0.08329594
0.95404 -0.2812897 -0.073244035 0.07293269
0.8791117 -0.4614854 -0.10197097 0.06160875
0.77547944 -0.6143393 -0.13488507 0.054998823
0.70548743 -0.6897131 -0.15487814 0.05095137
0.6941441 -0.69972014 -0.16116107 0.050821528
0.7776645 -0.60518414 -0.15092075 0.07882372
0.8748697 -0.44008386 -0.13781935 0.14810486
0.93713427 -0.24089634 -0.093075514 0.23470287
0.9277934 -0.077097535 -0.004134953 0.36501825
0.8682062 -0.028353453 0.05384711 0.49245778
0.78870726 -0.0056646466 0.08301084 0.6091125
0.7109305 -0.00568372 0.11186526 0.694285
0.6672003 -0.008150101 0.13441385 0.7326051
0.6949455 0.0035018343 0.12886474 0.70741254
0.7928097 0.050169002 0.116362095 0.5961509
0.90405345 0.11907085 0.102124095 0.3975932
0.9644958 0.16924936 0.07456149 0.18852854
0.9334661 0.27040553 0.08202703 -0.2208929
0.8763165 0.29192883 0.05487729 -0.37925667
0.82121295 0.28313458 0.07209137 -0.49014986
0.77994967 0.26901364 0.084502414 -0.55872136
0.78034705 0.26808545 0.09518454 -0.5568918
0.8420741 0.26366308 0.122794375 -0.45421863
0.9345648 0.2138632 0.13173428 -0.25198638
0.9759217 0.17793307 0.11643162 -0.04858291
0.9697619 0.15127769 0.091815494 0.16806757
0.91506755 0.117391266 0.06325715 0.3806168
0.71796817 0.027381325 0.090589605 0.6896125
0.6550773 0.012325528 0.061277572 0.7529721
0.6189841 0.002839557 0.043350156 0.78420115
0.61851335 6.162664E-4 0.054019395 0.78391504
0.7073898 0.011783936 0.07738977 0.70247537
0.8321063 0.042459637 0.113767944 0.5411592
0.93356997 0.108006954 0.10966349 0.32365975
0.9790422 0.16310035 0.072160885 0.09832371
0.97783846 0.16523257 0.090573035 -0.09125131
0.9325282 0.18402775 0.15207592 -0.27092052
0.8704632 0.19058353 0.20833491 -0.4031976
0.8227545 0.19339356 0.2243954 -0.4850986
0.7990416 0.21224396 0.22411972 -0.5159995
0.8009321 0.23318236 0.22476594 -0.5036011
0.8732276 0.22484519 0.21141408 -0.37712377
0.95070904 0.14248565 0.22280571 -0.16188836
0.98108435 0.08911876 0.1657545 0.045350946
0.97496057 0.102990486 0.07809 0.18096076
0.95555073 0.1345103 -0.008067906 0.2622304
0.94535667 0.14325264 -0.034466863 0.29084653
0.9413181 0.14264067 -0.022749484 0.3050513
0.9421429 0.1427657 -0.011448681 0.30307356
0.94533396 0.14241952 -0.0018479228 0.2933549
0.9462056 0.13508232 0.015225815 0.2936254
0.94619375 0.13508062 0.016027747 0.29362172
0.94619536 0.13595842 0.0039410135 0.2936222
0.93680805 0.1759227 -0.10640615 0.28305423
0.9019756 0.2135627 -0.2654301 0.26528862
0.8561632 0.22331928 -0.396397 0.2449136
0.81259465 0.22552462 -0.48553073 0.23040946
0.8030786 0.221179 -0.50348127 0.22945833
0.8444561 0.20629516 -0.4298818 0.24400385
0.90671265 0.15208212 -0.29987586 0.25459343
0.96843916 0.07453296 -0.11772156 0.20666951
0.99614656 0.032374278 0.047039248 0.06656774
0.9786308 0.01846218 0.17738318 -0.10235381
0.9134677 -0.039575458 0.38995346 -0.10930127
0.823637 -0.050022185 0.56183916 -0.05879295
0.7171895 -0.026350558 0.68946457 -0.09789473
0.6384266 -0.004188478 0.76042396 -0.1189512
0.6232699 0.010381049 0.7761903 -0.09463227
0.93383116 0.06864905 0.3224012 0.1389395
0.9546491 0.06270017 0.18928367 0.22110043
0.9599996 0.07210796 0.06489844 0.26265845
0.9518994 0.09737754 -0.034766972 0.28843814
0.9389639 0.12331188 -0.10095501 0.3048758
0.91569054 0.17793821 -0.12678295 0.33730575
0.84794426 0.23023504 -0.11436355 0.46357676
0.7871594 0.23855837 -0.18045062 0.53935856
0.79071766 0.26416504 -0.30243564 0.46207696
0.7914402 0.28375077 -0.36512828 0.39973655
0.7893928 0.28185993 -0.39958405 0.37114218
0.8249738 0.25722587 -0.33976293 0.37123352
0.8999384 0.17985275 -0.15423924 0.36602485
0.938642 0.067734756 0.041944154 0.33556506
0.91396654 -0.031917214 0.24591346 0.32120562
0.85780454 -0.061018288 0.40458637 0.31105942
0.7977493 -0.089705706 0.5255341 0.28171414
0.7431149 -0.11929023 0.6092326 0.24977176
0.7037064 -0.123879194 0.65770304 0.23849075
0.6776462 -0.11825925 0.685979 0.23715675
0.74004465 -0.09280205 0.62160885 0.23942478
0.8582902 -0.021070063 0.4505055 0.24482435
0.92700696 0.06632145 0.25350502 0.26831833
0.9510679 0.10714392 0.092856735 0.2745313
0.9514528 0.14158724 0.029662298 0.27168152
0.9539489 0.14709975 0.018785506 0.26074952
0.9549509 0.14725427 0.0111040855 0.2574136
0.95640755 0.13218075 0.008381023 0.2602739
0.96057093 0.112600684 0.022588994 0.25320834
0.9704985 0.028983174 0.008400756 0.23921163
0.9703241 0.034185942 0.010044948 0.23916866
0.97042465 0.031009862 0.010045989 0.23919342
0.9702126 0.037394628 0.010043794 0.23914117
0.970258 0.036121946 0.010044265 0.23915236
0.970258 0.036121946 0.010044265 0.23915236
0.970258 0.036121946 0.010044265 0.23915236
0.970258 0.036121946 0.010044265 0.23915236
0.970258 0.036121946 0.010044265 0.23915236
0.970258 0.036121946 0.010044265 0.23915236
0.970258 0.036121946 0.010044265 0.23915236
0.970258 0.036121946 0.010044265 0.23915236
0.970258 0.036121946 0.010044265 0.23915236
0.970258 0.036121946 0.010044265 0.23915236
0.970258 0.036121946 0.010044265 0.23915236
0.970258 0.036121946 0.010044265 0.23915236
0.970258 0.036121946 0.010044265 0.23915236
0.970258 0.036121946 0.010044265 0.23915236
0.970258 0.036121946 0.010044265 0.23915236
0.970258 0.036121946 0.010044265 0.23915236
0.970258 0.036121946 0.010044265 0.23915236
0.970258 0.036121946 0.010044265 0.23915236
0.970258 0.036121946 0.010044265 0.23915236
0.970258 0.036121946 0.010044265 0.23915236
0.970258 0.036121946 0.010044265 0.23915236
0.970258 0.036121946 0.010044265 0.23915236
0.970258 0.036121946 0.010044265 0.23915236
0.970258 0.036121946 0.010044265 0.23915236
0.970258 0.036121946 0.010044265 0.23915236
0.970258 0.036121946 0.010044265 0.23915236
0.970258 0.036121946 0.010044265 0.23915236
0.970258 0.036121946 0.010044265 0.23915236
0.970258 0.036121946 0.010044265 0.23915236
0.970258 0.036121946 0.010044265 0.23915236
0.970258 0.036121946 0.010044265 0.23915236
0.970258 0.036121946 0.010044265 0.23915236
0.970258 0.036121946 0.010044265 0.23915236
0.970258 0.036121946 0.010044265 0.23915236
0.970258 0.036121946 0.010044265 0.23915236
0.970258 0.036121946 0.010044265 0.23915236
0.970258 0.036121946 0.010044265 0.23915236
0.970258 0.036121946 0.010044265 0.23915236
0.970258 0.036121946 0.010044265 0.23915236
0.970258 0.036121946 0.010044265 0.23915236
0.970258 0.036121946 0.010044265 0.23915236
0.970258 0.036121946 0.010044265 0.23915236
0.970258 0.036121946 0.010044265 0.23915236
0.970258 0.036121946 0.010044265 0.23915236
0.970258 0.036121946 0.010044265 0.23915236
0.970258 0.036121946 0.010044265 0.23915236
0.970258 0.036121946 0.010044265 0.23915236
0.970258 0.036121946 0.010044265 0.23915236
0.970258 0.036121946 0.010044265 0.23915236
0.970258 0.036121946 0.010044265 0.23915236
0.970258 0.036121946 0.010044265 0.23915236
0.970258 0.036121946 0.010044265 0.23915236
0.970258 0.036121946 0.010044265 0.23915236
0.970258 0.036121946 0.010044265 0.23915236
0.970258 0.036121946 0.010044265 0.23915236
0.970258 0.036121946 0.010044265 0.23915236
0.970258 0.036121946 0.010044265 0.23915236
0.970258 0.036121946 0.010044265 0.23915236
0.970258 0.036121946 0.010044265 0.23915236
0.970258 0.036121946 0.010044265 0.23915236
0.970258 0.036121946 0.010044265 0.23915236
0.970258 0.036121946 0.010044265 0.23915236
0.970258 0.036121946 0.010044265 0.23915236
0.970258 0.036121946 0.010044265 0.23915236
0.970258 0.036121946 0.010044265 0.23915236
0.970258 0.036121946 0.010044265 0.23915236
0.970258 0.036121946 0.010044265 0.23915236
0.970258 0.036121946 0.010044265 0.23915236
0.970258 0.036121946 0.010044265 0.23915236
0.970258 0.036121946 0.010044265 0.23915236
0.970258 0.036121946 0.010044265 0.23915236
0.970258 0.036121946 0.010044265 0.23915236
0.970258 0.036121946 0.010044265 0.23915236
0.970258 0.036121946 0.010044265 0.23915236
0.970258 0.036121946 0.010044265 0.23915236
0.970258 0.036121946 0.010044265 0.23915236
0.970258 0.036121946 0.010044265 0.23915236
0.970258 0.036121946 0.010044265 0.23915236
0.970258 0.036121946 0.010044265 0.23915236
0.970258 0.036121946 0.010044265 0.23915236
0.970258 0.036121946 0.010044265 0.23915236
0.970258 0.036121946 0.010044265 0.23915236
0.970258 0.036121946 0.010044265 0.23915236
0.970258 0.036121946 0.010044265 0.23915236
0.970258 0.036121946 0.010044265 0.23915236
0.970258 0.036121946 0.010044265 0.23915236
0.970258 0.036121946 0.010044265 0.23915236
0.970258 0.036121946 0.010044265 0.23915236
0.970258 0.036121946 0.010044265 0.23915236
0.970258 0.036121946 0.010044265 0.23915236
0.970258 0.036121946 0.010044265 0.23915236
0.970258 0.036121946 0.010044265 0.23915236
0.970258 0.036121946 0.010044265 0.23915236
0.970258 0.036121946 0.010044265 0.23915236
0.970258 0.036121946 0.010044265 0.23915236
0.970258 0.036121946 0.010044265 0.23915236
0.970258 0.036121946 0.010044265 0.23915236
0.970258 0.036121946 0.010044265 0.23915236
0.970258 0.036121946 0.010044265 0.23915236
0.970258 0.036121946 0.010044265 0.23915236
0.970258 0.036121946 0.010044265 0.23915236
0.970258 0.036121946 0.010044265 0.23915236
0.970258 0.036121946 0.010044265 0.23915236
0.970258 0.036121946 0.010044265 0.23915236
0.970258 0.036121946 0.010044265 0.23915236
0.970258 0.036121946 0.010044265 0.23915236
0.970258 0.036121946 0.010044265 0.23915236
0.970258 0.036121946 0.010044265 0.23915236
0.970258 0.036121946 0.010044265 0.23915236
0.970258 0.036121946 0.010044265 0.23915236
0.970258 0.036121946 0.010044265 0.23915236
0.970258 0.036121946 0.010044265 0.23915236
0.970258 0.036121946 0.010044265 0.23915236
0.970258 0.036121946 0.010044265 0.23915236
0.970258 0.036121946 0.010044265 0.23915236
0.970258 0.036121946 0.010044265 0.23915236
0.970258 0.036121946 0.010044265 0.23915236
0.970258 0.036121946 0.010044265 0.23915236
0.970258 0.036121946 0.010044265 0.23915236
0.970258 0.036121946 0.010044265 0.23915236
0.970258 0.036121946 0.010044265 0.23915236
0.970258 0.036121946 0.010044265 0.23915236
0.970258 0.036121946 0.010044265 0.23915236
0.970258 0.036121946 0.010044265 0.23915236
0.970258 0.036121946 0.010044265 0.23915236
0.970258 0.036121946 0.010044265 0.23915236
0.970258 0.036121946 0.010044265 0.23915236
0.970258 0.036121946 0.010044265 0.23915236
0.970258 0.036121946 0.010044265 0.23915236
0.970258 0.036121946 0.010044265 0.23915236
0.970258 0.036121946 0.010044265 0.23915236
0.970258 0.036121946 0.010044265 0.23915236
0.970258 0.036121946 0.010044265 0.23915236
0.970258 0.036121946 0.010044265 0.23915236
0.970258 0.036121946 0.010044265 0.23915236
0.970258 0.036121946 0.010044265 0.23915236
0.970258 0.036121946 0.010044265 0.23915236
0.970258 0.036121946 0.010044265 0.23915236
0.970258 0.036121946 0.010044265 0.23915236
0.970258 0.036121946 0.010044265 0.23915236
0.970258 0.036121946 0.010044265 0.23915236
0.970258 0.036121946 0.010044265 0.23915236
0.970258 0.036121946 0.010044265 0.23915236
0.970258 0.036121946 0.010044265 0.23915236
0.970258 0.036121946 0.010044265 0.23915236
0.970258 0.036121946 0.010044265 0.23915236
0.970258 0.036121946 0.010044265 0.23915236
0.970258 0.036121946 0.010044265 0.23915236
0.970258 0.036121946 0.010044265 0.23915236
0.970258 0.036121946 0.010044265 0.23915236
0.970258 0.036121946 0.010044265 0.23915236
0.970258 0.036121946 0.010044265 0.23915236
0.970258 0.036121946 0.010044265 0.23915236
0.9701541 0.03887371 0.010402312 0.23912677
0.9548302 0.17454492 0.045482095 0.23614584
0.9096732 0.32786667 0.07913605 0.24235417
0.82331645 0.49396837 0.14999829 0.23589365
0.72460186 0.6163931 0.20908691 0.22648257
0.6295901 0.7014566 0.24603686 0.22592239
0.5467649 0.76403207 0.26664963 0.21494447
0.5531776 0.760785 0.25806472 0.22046174
0.7027891 0.62624115 0.20673314 0.2667787
0.8219581 0.4681927 0.12835047 0.29783648
0.89320517 0.31502795 0.075676695 0.31179336
0.9439546 0.091222994 0.036445294 0.3151188
0.9450633 -0.11706221 -0.03238517 0.30348513
0.9015952 -0.29977798 -0.07392055 0.30297723
0.83793724 -0.45564902 -0.11422193 0.27784634
0.7547722 -0.59069693 -0.15261126 0.24105169
0.7100692 -0.64241064 -0.17884159 0.22611105
0.7311874 -0.6131299 -0.18235838 0.2370274
0.82698506 -0.4650296 -0.13749123 0.28449813
0.9329278 -0.060564935 -0.0032144785 0.35491896
0.9122044 0.15603043 0.057399575 0.37449023
0.8453148 0.35363626 0.1534818 0.36990225
0.764972 0.50290215 0.22212875 0.3355087
0.67424834 0.62351847 0.24960048 0.30710506
0.6329859 0.6707989 0.2582637 0.2875027
0.8483248 0.39457697 0.1338465 0.32670987
0.91523063 0.19199897 0.05760382 0.34952992
0.94548374 -0.017474532 -0.013581753 0.3249165
0.9221806 -0.23409933 -0.07925129 0.29748905
0.85085803 -0.43057525 -0.1449483 0.2638852
0.7664355 -0.5661515 -0.19830644 0.22961618
0.6903274 -0.6546433 -0.23194337 0.20271264
0.63453317 -0.70287967 -0.2616449 0.18673481
0.67037 -0.6666732 -0.25792724 0.19905867
0.7962185 -0.5176857 -0.19266951 0.24681218
0.8925164 -0.32955956 -0.13138878 0.27846345
0.9470755 -0.11060196 -0.097672164 0.28508842
0.9438491 0.004322608 -0.09080231 0.31762418
0.90096736 0.0532294 -0.037704945 0.42895555
0.7257834 0.018973026 0.058431268 0.6851747
0.63116807 -0.0070543885 0.06503633 0.7728825
0.54117167 -0.01066196 0.06842186 0.838056
0.51265013 -0.0052552223 0.068670236 0.85583097
0.6816981 0.028126294 0.081139594 0.7265762
0.8254545 0.05451881 0.023783643 0.56132627
0.9047686 0.08736483 -0.014015317 0.41661096
0.95604026 0.13651279 0.010704122 0.25930074
0.98040706 0.14912508 0.0482702 0.119305074
0.96838695 0.16071384 0.10891511 -0.15663767
0.947184 0.16483468 0.109218724 -0.2524743
0.94119257 0.1598792 0.114693165 -0.27466458
0.9700792 0.12102493 0.12439639 -0.16977948
0.9945016 0.07077596 0.07571563 0.014982565
0.97929907 0.053408068 0.029495368 0.19300488
0.9172462 0.058700144 0.016467284 0.39362746
0.8024531 0.052156683 0.055587962 0.5918267
0.6711925 0.008456995 0.04556241 0.7398332
0.49266714 0.016918752 0.036614336 0.86928266
0.4472781 0.011536839 0.0090773245 0.8942745
0.44304004 0.011591904 -1.8453598E-4 0.89642686
0.5307991 0.005728876 0.010387932 0.8474146
0.6758647 0.026525607 0.028946478 0.7359792
0.9215708 0.07378243 0.03301241 0.37970203
0.9736797 0.08209565 0.064545296 0.2025885
0.9937416 0.083387665 0.065389246 0.0353368
0.9835877 0.096655816 0.09608627 -0.118238986
0.9582284 0.09164561 0.1342381 -0.2353288
0.92462885 0.113457315 0.12075767 -0.34293818
0.9023778 0.123164676 0.078570046 -0.40542758
0.8837872 0.122045115 0.035738476 -0.45027524
0.8611344 0.13008046 0.02900089 -0.49059713
0.8529116 0.13070555 0.045076527 -0.50341415
0.889169 0.09976622 0.059803616 -0.44254804
0.951711 0.05574321 0.09512704 -0.2865131
0.98651755 -0.004220724 0.14391384 -0.077809036
0.98836213 -0.01713562 0.12741877 0.081309006
0.98123604 0.021116855 0.074974805 0.17637628
0.9608979 -0.012036264 0.023894466 0.2756075
0.9317378 -0.052827835 -0.04522121 0.35641128
0.9074182 0.06440009 -0.122505486 0.3967839
0.8638142 0.18249047 -0.22642028 0.41140762
0.79878175 0.27690384 -0.34216642 0.4101147
0.74639887 0.29885986 -0.4498086 0.38890064
0.7053119 0.28863078 -0.5425511 0.35336357
0.7030862 0.27960527 -0.5585964 0.3397952
0.788529 0.19365597 -0.4509784 0.3705911
0.8607904 0.067874424 -0.29330575 0.41037163
0.8924751 -0.008159816 -0.12679404 0.43283343
0.8304114 -0.17733121 0.27784488 0.44919142
0.7384683 -0.26163292 0.43354678 0.44525272
0.48520404 -0.41355884 0.658241 0.40033102
0.46634096 -0.41132343 0.6873862 0.3752857
0.55257535 -0.35528922 0.65647537 0.37076968
0.7976956 -0.100309074 0.41652074 0.42441764
0.8707884 0.001497292 0.22664745 0.43629846
0.89436585 0.06907395 0.0032795956 0.44195887
0.85951144 0.13020515 -0.21647 0.44432813
0.79041594 0.17544438 -0.4257152 0.4040156
0.7030862 0.2332119 -0.58560586 0.32916212
0.6364481 0.2831444 -0.65875226 0.28426847
0.7263515 0.22972484 -0.5729172 0.30233413
0.83491224 0.15488411 -0.40644258 0.33724904
0.89650863 0.08275273 -0.20993996 0.38124725
0.9077436 -0.009108007 -0.008443832 0.4193414
0.8838792 -0.090397716 0.19721048 0.4143597
0.8025008 -0.16475302 0.3973255 0.41349903
0.68284684 -0.24810165 0.5595308 0.39886227
0.5361818 -0.32906365 0.6793553 0.37775993
0.37694755 -0.39100415 0.76133066 0.35412142
0.3396957 -0.3956551 0.785406 0.33346853
0.43941155 -0.3564812 0.75323164 0.33538145
0.7176031 -0.16141874 0.5442788 0.4034235
0.8163976 -0.030283988 0.39255294 0.4224692
0.8589699 0.054730162 0.25706547 0.43942314
0.8866997 0.05576023 0.124469 0.44177136
0.89344966 0.061375193 0.054994963 0.44153863
0.8932731 0.09492951 0.050168343 0.43650287
0.89539826 0.109003164 0.034076475 0.430371
0.89694923 0.12047153 0.011573472 0.42524686
0.90100384 0.0744102 0.031063505 0.42625144
0.9101068 0.044002227 0.020578993 0.41151664
0.92098814 -8.215308E-4 0.010839239 0.38943896
0.9208805 0.013663679 0.012850446 0.3893935
0.92084897 0.015974335 0.012850005 0.38938022
0.92082965 0.017234933 0.012849735 0.38937205
0.92082965 0.017234933 0.012849735 0.38937205
0.92082965 0.017234933 0.012849735 0.38937205
0.92082965 0.017234933 0.012849735 0.38937205
0.92082965 0.017234933 0.012849735 0.38937205
0.92082965 0.017234933 0.012849735 0.38937205
0.92082965 0.017234933 0.012849735 0.38937205
0.92082965 0.017234933 0.012849735 0.38937205
0.92082965 0.017234933 0.012849735 0.38937205
0.92082965 0.017234933 0.012849735 0.38937205
0.92082965 0.017234933 0.012849735 0.38937205
0.92082965 0.017234933 0.012849735 0.38937205
0.92082965 0.017234933 0.012849735 0.38937205
0.92082965 0.017234933 0.012849735 0.38937205
0.92082965 0.017234933 0.012849735 0.38937205
0.92082965 0.017234933 0.012849735 0.38937205
0.92082965 0.017234933 0.012849735 0.38937205
0.92082965 0.017234933 0.012849735 0.38937205
0.92082965 0.017234933 0.012849735 0.38937205
0.92082965 0.017234933 0.012849735 0.38937205
0.92082965 0.017234933 0.012849735 0.38937205
0.92082965 0.017234933 0.012849735 0.38937205
0.92082965 0.017234933 0.012849735 0.38937205
0.92082965 0.017234933 0.012849735 0.38937205
0.92082965 0.017234933 0.012849735 0.38937205
0.92082965 0.017234933 0.012849735 0.38937205
0.92082965 0.017234933 0.012849735 0.38937205
0.92082965 0.017234933 0.012849735 0.38937205
0.92082965 0.017234933 0.012849735 0.38937205
0.92082965 0.017234933 0.012849735 0.38937205
0.92082965 0.017234933 0.012849735 0.38937205
0.92082965 0.017234933 0.012849735 0.38937205
0.92082965 0.017234933 0.012849735 0.38937205
0.92082965 0.017234933 0.012849735 0.38937205
0.92082965 0.017234933 0.012849735 0.38937205
0.92082965 0.017234933 0.012849735 0.38937205
0.92082965 0.017234933 0.012849735 0.38937205
0.92082965 0.017234933 0.012849735 0.38937205
0.92082965 0.017234933 0.012849735 0.38937205
0.92082965 0.017234933 0.012849735 0.38937205
0.92082965 0.017234933 0.012849735 0.38937205
0.92082965 0.017234933 0.012849735 0.38937205
0.92082965 0.017234933 0.012849735 0.38937205
0.92082965 0.017234933 0.012849735 0.38937205
0.92082965 0.017234933 0.012849735 0.38937205
0.92082965 0.017234933 0.012849735 0.38937205
0.92082965 0.017234933 0.012849735 0.38937205
0.92082965 0.017234933 0.012849735 0.38937205
0.92082965 0.017234933 0.012849735 0.38937205
0.92082965 0.017234933 0.012849735 0.38937205
0.92082965 0.017234933 0.012849735 0.38937205
0.92082965 0.017234933 0.012849735 0.38937205
0.92082965 0.017234933 0.012849735 0.38937205
0.92082965 0.017234933 0.012849735 0.38937205
0.92082965 0.017234933 0.012849735 0.38937205
