0.9963801 -0.0017267466 3.2341853E-4 -0.08499175
0.9962998 8.851113E-4 3.0475203E-4 -0.08594066
0.9962096 6.774375E-4 6.876448E-4 -0.08697975
0.99618214 4.4396147E-4 5.880194E-4 -0.087296605
0.52519554 -0.39161944 0.7505472 0.08650292
0.52682257 -0.39083672 0.7497741 0.08685212
0.52861977 -0.38963115 0.74916685 0.086589426
0.53029275 -0.38880056 0.74837774 0.0869157
0.53205353 -0.38762498 0.74775124 0.08679833
0.5337847 -0.38672113 0.7469627 0.086991064
0.5355694 -0.3856821 0.7462177 0.08702788
0.5373154 -0.38469923 0.74545574 0.087144695
0.5390816 -0.38368785 0.74468803 0.08726012
0.5408285 -0.38267088 0.74393 0.08738219
0.5426139 -0.38164765 0.7431407 0.087504305
0.5443695 -0.3805833 0.74238545 0.08764793
0.54614514 -0.37955666 0.74159676 0.087729186
0.5479281 -0.37857306 0.740762 0.087913506
0.5497024 -0.37749052 0.73998916 0.08800139
0.55151016 -0.3764317 0.73916185 0.08817874
0.55328 -0.37541103 0.73833936 0.0883329
0.55507827 -0.37435555 0.737511 0.08845072
0.558733 -0.37232077 0.7357383 0.08879195
0.56054705 -0.3712557 0.7348843 0.088888064
0.56237024 -0.37024748 0.733978 0.08906705
0.5789835 -0.3604989 0.7257178 0.09029089
0.58082515 -0.3593366 0.72480994 0.09038816
0.58269215 -0.35824323 0.7238315 0.090551876
0.5845728 -0.3570766 0.72288144 0.09062712
0.5864636 -0.35595846 0.7218855 0.090749204
0.5883663 -0.35476494 0.7209077 0.090879105
0.59216344 -0.3524859 0.7188745 0.09118979
0.59406585 -0.35136718 0.7178357 0.09131607
0.59791464 -0.349064 0.7157184 0.09164883
0.5998566 -0.34787142 0.7146513 0.0918199
0.60180616 -0.34668136 0.7135742 0.09194111
0.60376984 -0.34547633 0.7124831 0.09206497
0.60570407 -0.34435678 0.7113604 0.09223553
0.60764825 -0.3432094 0.71022534 0.092470005
0.6095975 -0.34205633 0.7090899 0.092627496
0.613511 -0.33960658 0.70684475 0.09296205
0.6154922 -0.33836532 0.70569354 0.09313897
0.6174433 -0.3371734 0.7045333 0.09333021
0.619441 -0.3359806 0.7033232 0.09352186
0.6214258 -0.3347181 0.702151 0.093689084
0.6234362 -0.33350503 0.7009199 0.09387618
0.62542236 -0.33229405 0.69970787 0.09400215
0.6274395 -0.3310665 0.6984657 0.09412865
0.6294408 -0.32983768 0.6972163 0.09434388
0.6314637 -0.3285569 0.69597137 0.09448646
0.6334761 -0.3273471 0.6946876 0.094662994
0.6354924 -0.32611573 0.69339997 0.0948387
0.63751835 -0.32489407 0.69208723 0.09502294
0.6395538 -0.3235901 0.69080085 0.09515577
0.6415826 -0.32233882 0.6894815 0.09531452
0.6436139 -0.32106996 0.68815804 0.09546656
0.645645 -0.31986642 0.6867886 0.09565272
0.64768916 -0.31862617 0.68540996 0.09586057
0.64973557 -0.3174175 0.6840031 0.09607043
0.6517962 -0.31622434 0.6825628 0.09628983
0.65384746 -0.31492698 0.6811651 0.09653279
0.6558962 -0.3136592 0.6797522 0.09672146
0.65787274 -0.31254828 0.6783269 0.096899964
0.6620105 -0.30994022 0.67544353 0.09723813
0.66407686 -0.30867195 0.6739642 0.09744666
0.6661506 -0.3073966 0.6724698 0.09764735
0.66822934 -0.30614638 0.6709415 0.09788525
0.6703128 -0.30483514 0.6694251 0.09811289
0.6724226 -0.3035097 0.66787744 0.098333664
0.67451644 -0.30215454 0.66635525 0.09849276
0.6766213 -0.30085444 0.6647752 0.098712996
0.6787394 -0.29950994 0.66318864 0.098931275
0.6808251 -0.29822284 0.6615941 0.099164404
0.68293285 -0.29688042 0.65999514 0.09935333
0.68503624 -0.2956283 0.65834296 0.0995678
0.68713206 -0.29433918 0.6566992 0.09980025
0.6892542 -0.29305744 0.65500814 0.100051306
0.69137454 -0.29180396 0.65329087 0.100313924
0.6934301 -0.2905197 0.6516504 0.10052202
0.69555384 -0.28922868 0.64991844 0.1007842
0.69768643 -0.28785872 0.6482037 0.10100933
0.69982415 -0.28665662 0.6463931 0.10124295
0.7019654 -0.28523445 0.6446701 0.10142176
0.70410705 -0.2838745 0.64289546 0.101655886
0.70625603 -0.2825132 0.6410987 0.10188826
0.7084062 -0.28118628 0.6392633 0.10216334
0.71054864 -0.2798066 0.6374497 0.10240556
0.7127323 -0.27846932 0.6355482 0.10269294
0.7149014 -0.27703208 0.6336974 0.10294045
0.71705896 -0.27562022 0.631831 0.10319684
0.7192205 -0.27426422 0.62992156 0.103440456
0.7213873 -0.27296877 0.6279621 0.103691764
0.7235441 -0.2716524 0.6260062 0.10394793
0.72569156 -0.2702188 0.6241021 0.10416414
0.7278493 -0.26890635 0.6221068 0.10444089
0.73002815 -0.26762867 0.6200554 0.10471457
0.7322025 -0.26616776 0.6180807 0.10493094
0.73437077 -0.26471698 0.61608255 0.10519874
0.7365391 -0.2633512 0.61402714 0.10548415
0.7387199 -0.26196885 0.61195 0.105747856
0.74090415 -0.26056993 0.60984933 0.10605732
0.74309963 -0.2591704 0.60772926 0.10629537
0.7452797 -0.2576475 0.6056507 0.10659824
0.7474786 -0.25618136 0.60351294 0.10685912
0.7496707 -0.25471085 0.6013601 0.107155375
0.7518677 -0.2533025 0.59915847 0.10743273
0.75407135 -0.2519467 0.59690726 0.107707605
0.756279 -0.25052345 0.5946572 0.10799508
0.7584919 -0.24919486 0.5923372 0.10829837
0.7606696 -0.24773091 0.5901022 0.10858497
0.7628528 -0.24633187 0.5878158 0.1088523
0.7650404 -0.24488962 0.58551806 0.10913697
0.76722926 -0.24343324 0.58320826 0.1093965
0.769431 -0.24199587 0.5808452 0.10969436
0.77163833 -0.24058819 0.5784396 0.109996505
0.7870346 -0.23049223 0.561171 0.11196852
0.78923297 -0.22905147 0.55860585 0.11227783
0.7914224 -0.22748661 0.55608773 0.112546735
0.7936125 -0.22610348 0.5534669 0.112830415
0.7958064 -0.2247529 0.55079526 0.11314979
0.7980153 -0.22317481 0.5481704 0.11346351
0.8002369 -0.22152638 0.54552853 0.113779806
0.80242705 -0.2199791 0.54286605 0.11408928
0.8068269 -0.21698427 0.5373876 0.11472905
0.8090262 -0.2154634 0.53461784 0.11504735
0.81120855 -0.21397996 0.53183675 0.11533825
0.8134091 -0.2123419 0.52906084 0.115633816
0.81560624 -0.21086884 0.5261874 0.1159641
0.8178014 -0.20937687 0.5233025 0.11626133
0.8199879 -0.20800316 0.52035797 0.11654225
0.82216924 -0.20656395 0.5174122 0.11684911
0.82435465 -0.20517546 0.51441026 0.11715161
0.8265087 -0.20382285 0.51141137 0.11746521
0.8286867 -0.20234174 0.5083903 0.117793866
0.83517855 -0.19808328 0.4991404 0.11873737
0.8373269 -0.19671911 0.49599564 0.11905324
0.83948094 -0.19518363 0.4928728 0.119379915
0.84163463 -0.19368905 0.48970753 0.119675435
0.84378594 -0.19221419 0.48650143 0.11998119
0.8459235 -0.19068313 0.48329782 0.12031945
0.8480604 -0.18906069 0.4800961 0.12065374
0.85020536 -0.18753552 0.4768081 0.12097625
0.85234046 -0.18613839 0.47345975 0.121260874
0.8544862 -0.18468976 0.47006714 0.121572964
0.85660225 -0.18312919 0.4667353 0.12187874
0.85873234 -0.18160903 0.4633322 0.122148216
0.8608575 -0.18007338 0.45988423 0.12249249
0.8629736 -0.17857778 0.45641264 0.12277711
0.86505425 -0.177109 0.45294118 0.12311715
0.8671454 -0.17571872 0.44938567 0.123427756
0.8692435 -0.1741938 0.44584173 0.12368272
0.87130934 -0.17269975 0.4422856 0.124008924
0.8733992 -0.17105758 0.43870044 0.12431892
0.87752926 -0.16812986 0.43135574 0.124928296
0.87959087 -0.16673523 0.4276066 0.1251874
0.8816553 -0.16526747 0.4238251 0.12547083
0.8837098 -0.16382098 0.42000434 0.12576228
0.8857498 -0.16235757 0.41616744 0.12606348
0.887781 -0.16071469 0.41236332 0.12638085
0.88981676 -0.15924501 0.4084291 0.12670003
0.89184415 -0.15756547 0.4045417 0.12701581
0.89384997 -0.15606737 0.4005923 0.12728329
0.8958619 -0.15436333 0.39664593 0.12757471
0.8978405 -0.15290534 0.39261103 0.1279026
0.8997663 -0.15125346 0.38868776 0.12831569
0.90173745 -0.1496877 0.38461497 0.12858683
0.9037123 -0.14820462 0.38044465 0.12884651
0.905658 -0.14642268 0.37638626 0.1291408
0.90748423 -0.14489841 0.372403 0.1295873
0.9094181 -0.14328629 0.36818486 0.12987596
0.91129035 -0.14180082 0.3639553 0.13030331
0.9131835 -0.1402123 0.35969153 0.1306082
0.91505826 -0.13859487 0.35540494 0.13094711
0.91691405 -0.1369803 0.3510773 0.13133813
0.9187307 -0.13528275 0.3467685 0.13184947
0.92050475 -0.13373798 0.34251606 0.13216639
0.9223199 -0.13218498 0.3380561 0.13255674
0.92587686 -0.12867129 0.32924256 0.13339834
0.9276339 -0.12723315 0.3246543 0.13381563
0.929357 -0.12549472 0.3201446 0.1343652
0.9310847 -0.12402856 0.31549126 0.13477159
0.9327819 -0.12255734 0.3108454 0.13517703
0.93443555 -0.12098813 0.30618042 0.13581477
0.9359798 -0.11930919 0.3016811 0.13673237
0.9376491 -0.117376804 0.29706162 0.13708125
0.9392821 -0.11567795 0.2923264 0.1375252
0.94089746 -0.11388457 0.28756738 0.13801157
0.9424928 -0.11223936 0.28270864 0.13851199
0.94198364 -0.13329291 0.2721659 0.14431038
0.9427771 -0.13887376 0.26595464 0.145443
0.94506997 -0.07548851 0.28892353 0.13291864
0.9467895 -0.07365471 0.28245506 0.13558675
0.9490362 -0.028206885 0.2842639 0.1331492
0.9491868 0.091039725 0.27594024 0.12088526
0.9309753 0.19111976 0.29029015 0.11175797
0.89030015 0.3292317 0.30205384 0.08795222
0.8224553 0.46346158 0.32487896 0.05678422
0.72262543 0.5972791 0.34676987 0.028651591
0.62661135 0.6957549 0.35088223 0.012853053
0.5316038 0.768586 0.35590148 0.0026624845
0.4589775 0.81870383 0.3448856 -0.010848165
0.40141615 0.8503012 0.33955818 -0.02351749
0.4670877 0.82653636 0.31410196 0.002597454
0.59791267 0.7497623 0.28172067 0.031469904
0.741052 0.6090764 0.27490395 0.06554228
0.8494583 0.41526574 0.3135066 0.08768469
0.9141942 0.21574321 0.32233337 0.117494605
0.93925726 -0.007603705 0.31078836 0.14542618
0.92385954 -0.22263938 0.25076157 0.18448281
0.8633691 -0.41031313 0.15794055 0.24757169
0.7834087 -0.53785646 0.12143526 0.286766
0.69522583 -0.6405913 0.076973245 0.31682658
0.627399 -0.7052501 0.031940106 0.32859203
0.55480856 -0.7578864 -0.0032417774 0.34319845
0.5178964 -0.78410584 -0.015862226 0.34162793
0.5375197 -0.7678761 -0.0016701221 0.34847686
0.63506454 -0.6893203 0.057713054 0.343802
0.7631363 -0.5576961 0.12483994 0.3016839
0.8673298 -0.3920319 0.19928552 0.23309956
0.9302184 -0.19393349 0.24889386 0.18744446
0.9485989 0.028532598 0.27688295 0.15060489
0.81984276 0.4790391 0.30400968 0.077185094
0.74877125 0.5906587 0.29358193 0.06537322
0.66492045 0.6809492 0.30267 0.050794266
0.58569807 0.74518365 0.31695122 0.03465833
0.50579077 0.7979409 0.327472 0.0151068745
0.44101807 0.8328727 0.33438972 0.0031290194
0.391892 0.85518247 0.339219 -0.0037664175
0.38989437 0.85869664 0.33258742 0.0028635953
0.50884044 0.8057944 0.29835922 0.052522484
0.66914743 0.69263834 0.25353682 0.09062526
0.8105256 0.5164317 0.2508101 0.11593491
0.8974809 0.32514593 0.24870728 0.1641731
0.9421995 0.15775663 0.2202082 0.19718322
0.96187246 -0.02519077 0.17530602 0.20841
0.94984806 -0.20898247 0.08103623 0.21805528
0.9090296 -0.34124374 0.0024820324 0.23918973
0.8487546 -0.4537605 -0.059912503 0.26481608
0.7699189 -0.55116916 -0.14512885 0.28701073
0.68809336 -0.6322115 -0.20418072 0.29179847
0.5986404 -0.70382303 -0.23753577 0.29973245
0.51107734 -0.76188946 -0.25918168 0.30190942
0.47376654 -0.7869302 -0.25834966 0.29923505
0.5228295 -0.7624643 -0.23247099 0.30208394
0.6635908 -0.6702315 -0.15463626 0.2941506
0.8068528 -0.52699584 -0.08178866 0.25411516
0.9042438 -0.37248957 -0.019118667 0.20791624
0.93099385 -0.31052125 -0.009665906 0.1916599
0.9342562 -0.3006624 -0.019473016 0.19075714
0.93163407 -0.2810192 -0.01289171 0.2300435
0.9016326 -0.25800836 0.0075267814 0.3470358
0.8453277 -0.25981772 0.05053134 0.46407178
0.77694213 -0.2733525 0.0927251 0.5595012
0.699065 -0.28998816 0.14839739 0.63654786
0.6108505 -0.3237207 0.18804212 0.69764376
0.5400383 -0.34680724 0.19767231 0.7409515
0.52388495 -0.34995097 0.19802706 0.7509089
0.55759174 -0.3511489 0.19232145 0.72718525
0.6465261 -0.35466766 0.16481696 0.65501934
0.75920576 -0.35246575 0.13612849 0.52994686
0.87136984 -0.30157387 0.09514447 0.3751205
0.9524265 -0.215217 0.08095369 0.20002975
0.98761326 -0.14131147 0.057481423 0.036701735
0.9896704 -0.07089758 0.037428956 -0.118849576
0.9709168 -0.02380824 0.015271521 -0.23774087
0.93735737 0.0030122204 -0.028190851 -0.34721386
0.90462977 0.008087268 -0.061018646 -0.42173028
0.8761573 0.0038675172 -0.08683926 -0.47412294
0.85770434 0.010194444 -0.101261795 -0.5039696
0.843463 0.01645291 -0.10958272 -0.52563405
0.88963705 0.023224434 -0.0822978 -0.4485907
0.95709914 0.030628754 -0.052951217 -0.2832303
0.9857534 -0.015636384 -0.026000142 -0.16543818
0.99745893 -0.06586915 -0.008038342 -0.025931418
0.9833509 -0.10259771 0.018033305 0.1488947
0.9375738 -0.11212647 0.045478467 0.32605967
0.8670579 -0.11875212 0.09530511 0.47436854
0.78188133 -0.15987575 0.14867032 0.58395076
0.7060341 -0.19306451 0.20831922 0.6487258
0.6479967 -0.22012901 0.23208095 0.69121766
0.6172741 -0.22863865 0.25425968 0.70855427
0.62288404 -0.23847467 0.26431713 0.6966217
0.6800501 -0.24573183 0.24248017 0.64680076
0.79035056 -0.26333094 0.19247454 0.51861006
0.90771645 -0.21826923 0.13428386 0.33223054
0.97656363 -0.15071434 0.06563344 0.13892783
0.99371535 -0.10455668 0.014020298 -0.03743106
0.97529924 -0.088795245 -0.019951105 -0.20126826
0.93746805 -0.08834565 -0.078370094 -0.32742476
0.8983085 -0.052431226 -0.12076604 -0.41917604
0.8594056 -0.024094343 -0.13916242 -0.49140155
0.83188915 -1.4775991E-4 -0.15237296 -0.533613
0.8153652 0.005340524 -0.15610486 -0.55747855
0.8044759 0.010222502 -0.1620276 -0.57136774
0.81421727 0.0065668533 -0.15250969 -0.560132
0.8535785 0.031479158 -0.1400854 -0.5007882
0.89735955 0.07661911 -0.1332475 -0.41366702
0.94068325 0.07754084 -0.119853735 -0.3077945
0.9738668 0.0657153 -0.100616455 -0.19272077
0.99373007 0.04645676 -0.070074916 -0.073701024
0.9912904 -0.029993474 -0.02175188 0.12637502
0.9835854 -0.05245757 -0.009628475 0.17238131
0.98102206 -0.055807292 -0.017647803 0.18485092
0.97935915 -0.06164992 -0.023073196 0.19110924
0.9793895 -0.06166303 -0.028419375 0.19022723
0.9777881 -0.06301987 -0.042373955 0.19535495
0.97432196 -0.05613768 -0.10297167 0.1922034
0.96048456 -0.03144443 -0.20229775 0.18856369
0.9132743 0.0075834244 -0.35799134 0.19420315
0.840418 0.038330194 -0.49995232 0.20561202
0.75606734 0.055669703 -0.6206281 0.20020992
0.6721161 0.059492227 -0.71795124 0.17107496
0.6100713 0.07345206 -0.77469856 0.14919797
0.6027484 0.081921056 -0.7789781 0.15223815
0.67884284 0.09279361 -0.702027 0.19421619
0.7740771 0.055264443 -0.59423655 0.21126662
0.8525791 0.013338393 -0.4799155 0.2064267
0.9145789 -0.025916874 -0.33594722 0.22363634
0.9523283 -0.059090137 -0.19358623 0.22826222
0.97308147 -0.11089927 -0.0329144 0.19932523
0.9503454 -0.1943909 0.16537376 0.17806603
0.88586295 -0.2430588 0.36821315 0.14348608
0.789394 -0.27307087 0.54058814 0.10026877
0.6939901 -0.29392284 0.6549411 0.0551284
0.6402728 -0.30461538 0.70455325 0.029407086
0.61242074 -0.30690008 0.7284995 0.0064674215
0.66761017 -0.29272425 0.6842302 0.020933395
0.785903 -0.2853365 0.54249126 0.08150421
0.8822722 -0.26463956 0.3576914 0.15368347
0.9256507 -0.25259042 0.19613989 0.20223263
0.95019335 -0.20834547 0.057712812 0.22448634
0.9621199 -0.120039344 -0.08556378 0.22933549
0.9300329 -0.004588723 -0.28327227 0.2340393
0.84221286 0.02891186 -0.4908303 0.22119518
0.7269723 0.0528934 -0.64908427 0.21772318
0.65027046 0.07111704 -0.73163897 0.1918204
0.6038802 0.07523554 -0.77627856 0.16449936
0.642524 0.08261469 -0.740505 0.17885777
0.9271525 -0.007346928 -0.31712443 0.19941497
0.9686655 -0.04365939 -0.16121638 0.18382128
0.9824568 -0.061479628 -0.0094637275 0.17581122
0.97604454 -0.105888724 0.11896921 0.14822643
0.93342906 -0.19185615 0.27891368 0.11877991
0.8479649 -0.23997962 0.46884227 0.05960052
0.7340667 -0.23353153 0.6375659 -0.010900557
0.65152454 -0.23764092 0.7184856 -0.053112805
0.58343107 -0.25757933 0.76603836 -0.08028853
0.5503214 -0.2933705 0.77814394 -0.07464671
0.66955644 -0.347013 0.65627456 0.02408233
0.793747 -0.37041837 0.47412446 0.08922962
0.9017045 -0.28638542 0.2890227 0.14621349
0.94827354 -0.20955753 0.15609671 0.18026866
0.94988173 -0.21789765 0.120163865 0.18922487
0.9338003 -0.29342723 0.07624348 0.190012
0.8925842 -0.4068358 0.046221897 0.18878949
0.8376576 -0.51518154 0.030177508 0.17890531
0.7187285 -0.6717611 -0.008434892 0.17915179
0.60831976 -0.7734263 -0.033871472 0.1749618
0.49629724 -0.845046 -0.07166338 0.18560925
0.42521217 -0.8780964 -0.10063535 0.19497137
0.48392242 -0.84541076 -0.0876078 0.20838545
0.6360321 -0.73730046 -0.06125331 0.21931528
0.7808269 -0.5894714 -0.035770655 0.20384616
0.8858136 -0.41631395 0.015661744 0.2043812
0.9504606 -0.23357224 0.07317497 0.19160894
0.9773962 -0.022025764 0.1340335 0.16200826
0.9552469 0.17075065 0.19925782 0.13654263
0.8950209 0.38224432 0.20051898 0.11233459
0.6684144 0.70970845 0.19812593 0.10140111
0.59948677 0.7736124 0.179877 0.0989123
0.7566286 0.6308882 0.12997653 0.11224703
0.881057 0.43778518 0.123121515 0.13009126
0.95104325 0.21738963 0.14046302 0.16890462
0.9818853 0.0023594415 0.06838669 0.1766889
0.9541558 -0.21288836 -0.02315414 0.20911498
0.8864884 -0.3991905 -0.08084512 0.21965733
0.8170953 -0.5254598 -0.13933766 0.19191766
0.72880924 -0.6333653 -0.19628513 0.17075665
0.64077973 -0.7055643 -0.24992335 0.17064159
0.5927341 -0.7385838 -0.2639147 0.18305565
0.7439934 -0.6178436 -0.17665112 0.18313248
0.87531644 -0.4487152 -0.08305198 0.15993203
0.9565112 -0.2584033 -0.008196473 0.1350812
0.98706555 -0.057717502 0.084945515 0.123103976
0.9724717 0.13736731 0.14848392 0.11567933
0.9158582 0.3395139 0.18788719 0.10311366
0.81607294 0.5349441 0.20607829 0.07342814
0.6725554 0.706047 0.21016918 0.07068123
0.527126 0.8167669 0.21955802 0.08260958
0.45488465 0.8597556 0.21659613 0.08358581
0.5570909 0.8057069 0.18023576 0.08944972
0.7272693 0.6694118 0.11781955 0.095319316
0.85952044 0.48814696 0.07978398 0.12873152
0.92804766 0.32872817 0.062554374 0.16356166
0.97063684 0.16163856 -0.011383474 0.17778471
0.9786932 0.087101676 -0.027341604 0.18391725
0.9374176 0.062394634 -0.0040051937 0.342548
0.85325694 0.04705617 -0.0084968805 0.519294
0.76944995 -0.015156448 -0.017712593 0.6382815
0.6980148 -0.06926894 -0.007525444 0.71268535
0.6171752 -0.10451329 0.007215921 0.77982026
0.54033035 -0.13085425 0.006209948 0.83119303
0.5393317 -0.15434712 0.0052461373 0.82781094
0.6331469 -0.16826034 0.0060993107 0.7554974
0.89715445 -0.086459816 0.094928935 0.422643
0.9707811 0.0054349257 0.10780013 0.21432155
0.9904161 0.095943235 0.099033624 0.00796142
0.97544664 0.1260327 0.10116507 -0.1496172
0.93454117 0.16628334 0.117813416 -0.2917236
0.8849446 0.19829229 0.13050978 -0.40065014
0.8207509 0.19847846 0.17713767 -0.5055657
0.7522777 0.1828256 0.21851584 -0.59405726
0.704233 0.13612297 0.24845369 -0.65099716
0.682739 0.13367324 0.25352544 -0.672104
0.72376585 0.14854296 0.25043368 -0.6256045
0.81933475 0.14827512 0.21378948 -0.5108809
0.88741386 0.14237894 0.20131475 -0.3894835
0.93452543 0.10743731 0.19913003 -0.27471244
0.95685476 0.08797119 0.22688033 -0.15879351
0.97745115 0.052872572 0.20432194 0.0068146307
0.9764768 -0.019237816 0.15402836 0.14966117
0.92932266 -0.0658893 0.16969892 0.32127932
0.73871773 -0.089600325 0.2661423 0.6127284
0.6723909 -0.076860726 0.31197673 0.6668233
0.6746436 -0.074634254 0.30188704 0.66944003
0.7519906 -0.07737708 0.26641196 0.59795284
0.88655686 -0.052556098 0.1795591 0.4230999
0.9680978 0.008369087 0.1117363 0.22412436
0.9921694 0.050500907 0.07701263 0.08437312
0.9980944 0.05115221 0.033274204 0.00915707
0.9994094 0.031732004 0.002613985 -0.01293242
0.99951303 0.030946406 0.0017821081 0.0036033597
0.9905495 0.12814082 0.019680265 0.044770904
0.9482486 0.29653314 0.080792256 0.07978248
0.8670782 0.48225376 0.09830776 0.077087015
0.7698236 0.62757576 0.095261514 0.06667657
0.6610633 0.7435168 0.07368128 0.06891427
0.5877553 0.8029728 0.06452525 0.07493313
0.5812223 0.8098218 0.04448003 0.06626426
0.73856336 0.67094886 0.019430326 0.063043155
0.95995724 0.27317458 0.026130227 0.05634816
0.993619 0.07032077 -0.00449872 0.08806854
0.98866343 -0.108003855 -0.012473702 0.103557825
0.96744233 -0.23140544 -0.02953446 0.098156005
0.9961122 0.017940672 -0.01981479 0.083941095
0.9928978 0.078489795 -0.02118951 0.0868585
0.9878444 0.11822111 -0.02019173 0.09889121
0.98285496 0.15136571 -0.032981157 0.099984586
0.97758716 0.18003264 -0.026039124 0.105989516
0.97518677 0.19216855 0.0036181835 0.109859325
0.9677409 0.22141623 0.0223056 0.11813104
0.9432767 0.29664752 0.06821835 0.13257296
0.901453 0.38707596 0.124362335 0.14862253
0.8522844 0.47205955 0.15468673 0.16383871
0.86538005 0.44911867 0.15053405 0.16355231
0.8639135 0.45034614 0.1498119 0.16851826
0.86317056 0.4501912 0.14870949 0.17363739
0.8627541 0.44935817 0.14769275 0.17865993
0.8624508 0.44824067 0.14673428 0.18365233
0.8621508 0.44707403 0.14577551 0.18860114
0.8617709 0.44593218 0.14514616 0.19346277
0.86139214 0.44471568 0.14465417 0.1982593
0.8610739 0.4433649 0.14420392 0.20293981
0.8606045 0.44218713 0.14391422 0.20765144
0.86013055 0.44093794 0.14383146 0.21227743
0.8596408 0.4396674 0.14388312 0.2168131
0.85910326 0.43843728 0.14401744 0.2212992
0.85862803 0.43710396 0.14424136 0.22559358
0.8580737 0.4358416 0.1445303 0.22991847
0.85755575 0.434494 0.14493729 0.23410742
0.85707885 0.43308124 0.1454008 0.23814942
0.85654753 0.4317023 0.14603965 0.24213998
0.85597086 0.43035054 0.14674462 0.24612692
0.8554033 0.42898807 0.14748687 0.2500042
0.8548384 0.42763114 0.14823803 0.2537883
0.85423356 0.42629734 0.14911178 0.25752887
0.851724 0.41707167 0.15243575 0.27817398
0.89478445 0.33771023 0.08010114 0.2808851
0.9393699 0.19631957 -0.076229155 0.27061382
0.9575468 0.053653736 -0.035057783 0.28106326
0.9522057 -0.10395062 -0.06389731 0.2800283
0.9538485 -0.13023543 -0.058865845 0.2640958
0.95221466 -0.12987673 -0.09793395 0.25851154
0.9497701 -0.11881459 -0.14105809 0.25282884
0.94924587 -0.10313308 -0.14196134 0.2610421
0.9501917 -0.056652904 -0.11858195 0.2826034
0.9525974 -0.021825552 -0.09605187 0.28784725
0.95361704 -0.006124258 -0.08611953 0.28837585
0.9540008 0.010390882 -0.0771628 0.2895175
0.9515785 0.06260327 -0.04283482 0.29790035
0.9487329 0.085661456 -0.021332383 0.3035011
0.9478085 0.08784931 -0.012622595 0.30623865
0.9497556 0.06946406 -0.017960668 0.30465797
0.9490747 0.072147824 -0.008855224 0.30655098
0.9481132 0.07581719 8.0903433E-4 0.3087597
0.94871235 0.06726056 0.002156809 0.3088951
0.9481215 0.0666153 0.00899093 0.31072053
0.9476776 0.064049244 0.0144508295 0.3124038
0.9475098 0.059204582 0.01835218 0.31366095
0.9469343 0.05675288 0.023814408 0.3154797
0.946365 0.05290075 0.027955985 0.3175112
0.94568986 0.049593415 0.031881478 0.3196789
0.9448283 0.047147214 0.03492042 0.3222689
0.9440519 0.045201823 0.037404105 0.32453606
0.9430392 0.042699143 0.040651236 0.32741633
0.941933 0.0399458 0.043521274 0.3305639
0.9406927 0.03771949 0.045566007 0.33406323
0.9394551 0.036311325 0.046454128 0.33756116
0.93847704 0.03628287 0.046967365 0.34020376
0.93729264 0.03544846 0.047747552 0.34343272
0.93609005 0.035240747 0.047992207 0.34668455
0.9346423 0.033893242 0.048985813 0.35056454
0.932183 0.033720236 0.05019193 0.35690123
0.9306516 0.032269634 0.052089665 0.3607395
0.92923146 0.03111577 0.054008473 0.36420304
0.9279725 0.0312403 0.053549733 0.3674557
0.9268759 0.03267201 0.05181119 0.37033668
0.92562854 0.03278351 0.051931474 0.37341708
0.9244813 0.033418532 0.05142085 0.3762626
0.92324245 0.033182774 0.051775694 0.37926432
0.92211634 0.033619422 0.05244669 0.38186476
0.92085713 0.03309698 0.05330305 0.38481897
0.9200207 0.034524452 0.05226191 0.3868316
0.9187674 0.03454206 0.052227184 0.38980198
0.91758853 0.034736983 0.05297396 0.3924519
0.9162963 0.0350466 0.051937673 0.39556965
0.91488665 0.03411469 0.05334395 0.3987141
0.9137069 0.034810722 0.05251175 0.40146053
0.91216433 0.03437558 0.052306704 0.40501672
0.91077447 0.033150163 0.0540738 0.40800363
0.9094148 0.032684337 0.054833647 0.41096205
0.9078049 0.031889092 0.057369217 0.4142248
0.9065952 0.032347213 0.05694183 0.4168892
0.9054354 0.032965627 0.056415185 0.41942498
0.9041855 0.03370233 0.05561056 0.42216134
0.9029585 0.03390682 0.05564485 0.42475888
0.90180534 0.034560107 0.055232942 0.4272026
0.900574 0.036179952 0.052902803 0.42995203
0.89913315 0.036207248 0.052977722 0.43294552
0.897713 0.035704512 0.05372732 0.4358325
0.89667803 0.0368034 0.052845813 0.43797407
0.89539146 0.037262168 0.052323557 0.4406221
0.8937909 0.036856234 0.05259919 0.44386116
0.8922723 0.036702722 0.053097628 0.44685972
0.8910433 0.037193153 0.052595492 0.44932416
0.8896926 0.037199967 0.05289931 0.4519569
0.88823014 0.03719073 0.052614044 0.4548582
0.887027 0.037519664 0.05274376 0.45715797
0.8856652 0.03777369 0.052495643 0.45979834
0.8843008 0.03739882 0.053094167 0.46237907
0.8833852 0.039073817 0.052306805 0.46407747
0.8817971 0.037116203 0.05540247 0.4668907
0.88047403 0.0377039 0.054550268 0.4694339
0.8792448 0.038693774 0.053126764 0.4718147
0.87791353 0.038930327 0.052805915 0.47430348
0.8770968 0.040487237 0.051331628 0.4758437
0.87425005 0.03919971 0.053530656 0.4809208
0.87269306 0.038725104 0.054082338 0.48371723
0.8714354 0.038868666 0.053836 0.48599526
0.8701317 0.038855422 0.054256402 0.48827997
0.86905444 0.03957975 0.05392833 0.490173
0.8678089 0.039187565 0.05451488 0.49234167
0.86677045 0.040508226 0.05307986 0.4942171
0.86559564 0.041705582 0.051383637 0.49635112
0.8645125 0.042776242 0.050146185 0.49827084
0.8635637 0.04310414 0.050217893 0.49987808
0.86267996 0.04436844 0.048690934 0.5014419
0.861664 0.044299603 0.049692754 0.5030938
0.86043 0.043578736 0.05029475 0.5052045
0.85950273 0.04434348 0.04940387 0.5068018
0.8587515 0.045465592 0.048575994 0.50805444
0.85790586 0.046298083 0.047915384 0.50946873
0.8565997 0.045017954 0.04906219 0.51166713
0.8554857 0.044751763 0.04918537 0.513539
0.85478455 0.045803305 0.048494074 0.51467836
0.85384774 0.046250783 0.047915835 0.5162452
0.8531325 0.047802836 0.046486586 0.51741564
0.85223264 0.048117798 0.046126325 0.5188993
0.8513216 0.047762323 0.047094166 0.5203387
0.85038495 0.04802707 0.046436906 0.5219026
0.84951735 0.047480352 0.047275268 0.5232886
0.84881276 0.04894914 0.045456592 0.5244567
0.8478643 0.049190138 0.044936903 0.5260107
0.8467982 0.048690006 0.04547741 0.5277251
0.8455676 0.047893234 0.04595643 0.5297261
0.8442449 0.05017304 0.0444476 0.53174955
0.8434454 0.050174832 0.04494594 0.5329748
0.84262216 0.050431736 0.044026118 0.53432775
0.8417593 0.049672354 0.045020845 0.53567445
0.84084266 0.04945518 0.045017194 0.5371325
0.84011245 0.0494498 0.045317557 0.5382492
0.8395823 0.043821678 0.04452184 0.5396285
0.8376028 0.059703022 0.06436183 0.5391797
0.8434293 0.09684661 0.08041229 0.5222849
0.8153888 0.2377932 0.13458148 0.5103758
0.75012034 0.40648115 0.22970665 0.46832415
0.51464266 0.6796926 0.36510512 0.37397727
0.46801358 0.7203115 0.38255122 0.34024853
0.5089744 0.707513 0.3588966 0.33401152
0.66925323 0.5801627 0.2654488 0.3808521
0.79290366 0.3932026 0.21255879 0.41414288
0.86393034 0.19479114 0.12872268 0.44621897
0.8885003 9.8376535E-5 0.009987175 0.4587676
0.7718319 -0.34445125 -0.2379629 0.478542
0.66182953 -0.48867404 -0.3437447 0.45279008
0.5910066 -0.5669386 -0.38812852 0.42266777
0.5219806 -0.6191617 -0.43178928 0.39715627
0.50721467 -0.63814116 -0.43899357 0.3778807
0.55599535 -0.6005194 -0.40928817 0.4033965
0.68142307 -0.48833686 -0.30063677 0.45476076
0.7943094 -0.34005737 -0.17693025 0.47130597
0.865023 -0.18074787 -0.03230697 0.46692786
0.8871684 0.013601562 0.07149343 0.4556708
0.8625631 0.20442595 0.17530873 0.4283246
0.7803278 0.37709963 0.28746873 0.40773287
0.6635139 0.53997105 0.36974594 0.36258593
0.5135656 0.67725885 0.4237388 0.31307542
0.4124702 0.7274101 0.4770239 0.27053842
0.38718742 0.73642266 0.4964449 0.24760848
0.45304418 0.707632 0.46796337 0.27389446
0.61031705 0.5955882 0.39875832 0.3373124
0.7375156 0.4086182 0.36180294 0.39774424
0.81500447 0.23964006 0.26394203 0.45680943
0.85930926 0.06712654 0.120864436 0.492416
0.87444043 -0.0902642 -0.0641551 0.47232455
0.81595296 -0.25306845 -0.19798613 0.4806023
0.7218354 -0.41984499 -0.2824151 0.47215015
0.6287555 -0.54117197 -0.34264076 0.44090462
0.5284615 -0.62930024 -0.40551615 0.40033287
0.42773658 -0.6789329 -0.4682153 0.369954
0.3782077 -0.7058396 -0.4928602 0.34035024
0.3953287 -0.70750797 -0.4792503 0.33684853
0.46659347 -0.67461365 -0.43095803 0.37611458
0.61730146 -0.5710734 -0.321311 0.4354002
0.75461096 -0.43852878 -0.19800991 0.44614676
0.84523934 -0.30313116 -0.085207105 0.43176585
0.8979582 -0.23668057 -0.070068836 0.36434022
0.9397953 -0.1470843 -0.006936908 0.3083879
0.96454906 -0.024357557 0.061245583 0.25554037
0.9605895 0.06511978 0.11243796 0.24573357
0.94490576 0.11112476 0.13601968 0.2762301
0.9253282 0.15071762 0.16758591 0.30490497
0.9257499 0.07758684 0.10954356 0.3535078
0.8672763 -0.057119846 0.051479675 0.49185264
0.7236116 -0.16257215 0.05984281 0.66811323
0.46993613 -0.23970288 0.06935243 0.8466952
0.40834758 -0.24358928 0.091572784 0.87494624
0.41392863 -0.25371516 0.10899721 0.8674165
0.48838294 -0.24532664 0.09258134 0.8323015
0.58395034 -0.23053539 0.067805275 0.7754082
0.68010247 -0.19928396 0.03692186 0.7045447
0.7971082 -0.1535067 0.0095727 0.58392
0.87078404 -0.10430843 -0.011765361 0.48032945
0.89832443 -0.078902006 -0.009205222 0.43209153
0.92557645 -0.0496372 0.025054894 0.37445515
0.96461815 -0.021143973 0.054278564 0.25713524
0.99387944 0.025044437 0.07158845 0.080322154
0.99148005 0.08357781 0.048166204 -0.08753395
0.97481596 0.07546554 0.017702594 -0.20910674
0.9593136 0.046900883 -0.03376639 -0.27636498
0.9494287 0.043461572 -0.061383247 -0.30484182
0.9500408 0.04620684 -0.06452227 -0.30186826
0.9819082 0.063037395 -0.038404465 -0.1743778
0.9980507 0.034284297 0.006346873 0.051761273
0.9692362 -0.0033032894 0.019864846 0.24530709
0.93658036 -0.041216493 0.006010738 0.34796897
0.91777676 -0.09422529 -0.02503097 0.38494277
0.87703836 -0.13483924 -0.0014564395 0.46110734
0.7526696 -0.17527372 0.07383517 0.63033015
0.600164 -0.2040093 0.13710244 0.76117426
0.4837146 -0.21726954 0.16726474 0.83116585
0.440278 -0.23596627 0.1982154 0.84331834
0.4645818 -0.24369955 0.1979074 0.82801384
0.4903346 -0.24592054 0.18350087 0.8157344
0.58993936 -0.23667276 0.14930233 0.7574076
0.7631796 -0.18257606 0.0811954 0.61451626
0.8909656 -0.11436957 0.012024396 0.4392668
0.92972577 -0.06519902 0.0074944478 0.36235744
0.93153375 -0.048068523 0.020106891 0.35990274
0.9457104 -0.028696716 0.042533312 0.32093498
0.9805502 -0.019452035 0.05446459 0.18755431
0.9996748 0.007062028 0.0076177074 -0.023290634
0.9576652 0.024971114 -0.008967042 -0.28665936
0.9364892 0.032923497 -0.02777791 -0.34804094
0.9228164 0.04555911 -0.035953283 -0.38084352
0.92189395 0.05184166 -0.048332155 -0.38090444
0.9555483 0.0374782 -0.037062883 -0.29008472
0.9972466 -0.016799867 -0.018683434 -0.06976998
0.98550427 -0.07614982 -0.014283657 0.15092567
0.9550514 -0.10993111 -0.006957054 0.27521563
0.954504 -0.08981609 -0.021095097 0.28356698
0.951109 -0.07904971 -0.04047358 0.29581186
0.943556 -0.05895245 -0.067382336 0.31888276
0.92077357 0.06672431 -0.18475676 0.33702937
0.8518856 0.13238002 -0.35258472 0.36393756
0.7627542 0.1846162 -0.4947735 0.37325883
0.66307837 0.21312122 -0.6326782 0.33856282
0.52674997 0.2563169 -0.7647345 0.26836023
0.6885878 0.22120997 -0.59159267 0.35627395
0.80512065 0.14774886 -0.42020178 0.39163944
0.8712658 0.083440475 -0.26140022 0.4069442
0.89968866 0.051075414 -0.15834284 0.4035829
0.9160116 0.035621297 -0.120245814 0.3810444
0.9235921 -0.017427325 -0.033681214 0.3814967
0.9028214 -0.10776532 0.1049043 0.40285876
0.8584971 -0.21933937 0.24792038 0.39167395
0.7757312 -0.28366297 0.43470308 0.35890064
0.6784561 -0.3473215 0.58238167 0.2826601
0.52108777 -0.4405021 0.7184699 0.1350048
0.5622639 -0.425838 0.6871215 0.17431402
0.8014556 -0.26106733 0.41343284 0.34436345
0.8585472 -0.170874 0.2467053 0.41573468
0.8733573 -0.13230443 0.1357003 0.44869596
0.883744 -0.121050894 0.067689516 0.44694683
0.8902811 -0.089817345 -0.008517683 0.44638538
0.8831247 0.025782123 -0.16479206 0.43848565
0.8266673 0.12918168 -0.35922146 0.41339245
0.72507983 0.20415926 -0.53767383 0.37879455
0.6402635 0.23123246 -0.64902914 0.33964008
0.58831453 0.22541559 -0.71276194 0.30829257
0.62640715 0.21828118 -0.68057793 0.31109673
0.74023354 0.18977311 -0.5242479 0.375772
0.8304887 0.10647184 -0.35850167 0.4128305
0.8983362 0.019344417 -0.17190695 0.4038143
0.9211634 -0.034864545 -0.035923064 0.38594308
0.92643034 -0.033919632 0.009265971 0.3748204
0.9263334 -0.062757015 0.05015789 0.36803833
0.9046258 -0.15126967 0.18715669 0.3517699
0.8146774 -0.30945468 0.34744945 0.34614658
0.71127445 -0.36804563 0.527219 0.28402695
0.5971414 -0.4100814 0.66252375 0.19057246
0.5428874 -0.4338013 0.7008604 0.16088675
0.55181056 -0.4368012 0.6902812 0.16799319
0.61859626 -0.4231547 0.6191281 0.23443408
0.74239594 -0.37225544 0.4728112 0.29448894
0.84293103 -0.26667696 0.3158445 0.34437338
0.8903614 -0.16290414 0.17544001 0.38722038
0.91987306 -0.06038952 0.080245644 0.37914044
0.9381766 -0.017279804 0.024921099 0.34482613
0.9363008 0.025927082 0.029243093 0.34901777
0.92793924 0.071425736 0.037993506 0.36384577
0.9241538 0.07722059 0.038030494 0.37219673
0.9228655 0.08061734 0.044727992 0.37392458
0.91253513 0.07317945 0.043890055 0.3999975
0.90613955 0.08675961 0.027395958 0.41307783
0.8963912 0.08748444 -0.023775697 0.43389395
0.89425385 0.049643677 -0.050398707 0.4419338
0.8954881 0.0013628937 -0.07199675 0.43922186
0.895954 -0.034792304 -0.11100632 0.42864168
0.89267397 -0.044810176 -0.09437615 0.43842724
0.8916586 -0.04085648 -0.06096798 0.44672
0.8894928 -0.005725205 -0.026774347 0.45612824
0.8857577 0.022121027 0.0032772673 0.46360883
0.88001114 0.053750567 0.041399207 0.47008234
0.87434965 0.06685706 0.06265749 0.47656786
0.8775015 0.04033327 0.008272867 0.47780338
0.872771 -0.0414716 -0.051172137 0.48366544
0.8613816 -0.10786033 -0.1242103 0.4805828
0.85911393 -0.11024284 -0.111739695 0.48711818
0.8609347 -0.10277128 -0.09580612 0.48892835
0.86219305 -0.08619356 -0.08521706 0.49186566
0.8611079 -0.06889701 -0.07545769 0.49804866
0.86094517 -0.049182832 -0.056438923 0.5031592
0.8609646 -0.03719932 -0.044115186 0.505381
0.8602946 -0.023149133 -0.028736413 0.50846004
0.85952145 -0.009267867 -0.012243032 0.510869
0.85899544 -0.006630063 -0.006668687 0.5118969
0.85843784 -0.003802061 -5.1259995E-4 0.51290333
0.85775864 1.5097205E-4 0.006525674 0.51401126
0.85716164 0.0016051363 0.011979683 0.51490575
0.8563325 0.0044980273 0.01836561 0.5160786
0.85569453 0.007156347 0.024219887 0.51686484
0.8549574 0.009251074 0.03015455 0.51773846
0.8541679 0.011462967 0.036228877 0.5186072
0.853362 0.013437787 0.042309392 0.5194252
0.8524203 0.014739045 0.048250385 0.5204174
0.8514967 0.016476255 0.053555455 0.5213577
0.8505806 0.018855859 0.05878487 0.5222082
0.84963113 0.021061508 0.0639892 0.5230572
0.84846383 0.022589892 0.069388084 0.52419865
0.8471933 0.023765959 0.07421276 0.52553904
0.84605247 0.0255128 0.078927904 0.5266068
0.8448952 0.025704129 0.08236157 0.5279282
0.84357804 0.027967717 0.08683009 0.5292018
0.8423035 0.028438604 0.09093035 0.5305165
0.840942 0.028536318 0.09437323 0.5320674
0.83941984 0.029040618 0.098481424 0.5336968
0.83786094 0.030643154 0.10287694 0.5352256
0.83628076 0.030781254 0.10455035 0.53736037
0.8357587 0.030282982 0.1024267 0.53860843
0.8347436 0.031637456 0.103147104 0.53996557
0.83424497 0.030972213 0.10177785 0.54103357
0.8326142 0.030105408 0.1036006 0.54324424
0.83133936 0.03043654 0.10412819 0.54507434
0.8302227 0.033012986 0.10546839 0.54636693
0.82872254 0.031888433 0.10611686 0.5485812
0.827018 0.03037214 0.10862458 0.5507444
0.82619476 0.029236987 0.10771197 0.5522188
0.8247277 0.029622996 0.10987473 0.55396247
0.8230341 0.03032993 0.11187616 0.55603844
0.82157964 0.028698206 0.11163497 0.55831987
0.8204406 0.02848549 0.11143863 0.56004214
0.81860393 0.028506638 0.11303792 0.56240326
0.80634356 0.02571977 0.10897303 0.5807527
0.80515736 0.025007745 0.107732475 0.58265775
0.8037057 0.025424592 0.106337294 0.58489597
0.802282 0.024106361 0.10570463 0.5870171
0.80103374 0.024952326 0.10636769 0.5885646
0.79987407 0.026297072 0.107001096 0.5899667
0.7984624 0.026949242 0.10733159 0.5917866
0.79709363 0.026483081 0.10698051 0.59371334
0.79583746 0.026705474 0.10721833 0.5953435
0.79446644 0.026924439 0.108175024 0.5969894
0.7935514 0.02648371 0.10637797 0.5985471
0.7923022 0.028013455 0.10624303 0.60015416
0.79093224 0.027260154 0.10616112 0.6020074
0.7894565 0.02740822 0.10649665 0.60387564
0.7877706 0.02624741 0.105931215 0.6062236
0.78690827 0.026244543 0.10419376 0.6076432
0.7855179 0.027072644 0.104706585 0.60931545
0.7845777 0.027011123 0.10305106 0.6108099
0.7836472 0.026692554 0.101412065 0.6122909
0.78189194 0.027052887 0.1034413 0.61417675
0.77998155 0.026183702 0.10543953 0.61630005
0.7784478 0.02637878 0.10540654 0.6182336
0.77690804 0.026153503 0.10482889 0.62027484
0.7757199 0.026034521 0.103059076 0.6220607
0.7743908 0.02584817 0.10234993 0.6238391
0.7725648 0.025291437 0.10406454 0.625839
0.7714813 0.025081508 0.10312507 0.6273379
0.769999 0.02550605 0.103001595 0.6291595
0.7671787 0.02678756 0.10299518 0.6325436
0.76567346 0.026743773 0.10271803 0.6344115
0.7641958 0.025996415 0.1030207 0.6361728
0.7631021 0.02496173 0.101962134 0.6376957
0.76182836 0.024118269 0.10096881 0.63940686
0.76064056 0.025015928 0.1004843 0.64086115
0.75950307 0.025548574 0.10061208 0.64216805
0.75810975 0.026994318 0.10192465 0.6435466
0.75636095 0.026854875 0.10310231 0.64541996
0.75464547 0.02703628 0.10368769 0.6473237
0.7529943 0.025757316 0.10413999 0.6492234
0.7513678 0.02450449 0.104085125 0.6511624
0.75033617 0.024393799 0.10266089 0.6525806
0.7485633 0.02356384 0.1032211 0.6545558
0.7471509 0.023709737 0.102821045 0.6562249
0.74513835 0.023959888 0.10363356 0.65837294
0.7434951 0.023327315 0.10402488 0.66018915
0.74181193 0.02492607 0.10608847 0.661694
0.74083227 0.023796912 0.103901625 0.6631785
0.7392759 0.022793515 0.103596315 0.66499597
0.7374447 0.023463957 0.10405771 0.6669308
0.7358971 0.023196444 0.10407501 0.6686447
0.7345176 0.022755137 0.102209225 0.67046213
0.7334929 0.02371436 0.10089511 0.6717485
0.73270184 0.02324871 0.098446995 0.67299014
0.7306744 0.023679728 0.098529235 0.67516387
0.729244 0.025191406 0.100212984 0.6764066
0.7270715 0.025614778 0.1020664 0.67844933
0.7252199 0.025981527 0.10269416 0.6803198
0.72347504 0.024932811 0.101753294 0.68235505
0.7215849 0.02557775 0.10355064 0.6840602
0.71940285 0.026002627 0.1051601 0.68609387
0.7174136 0.02601242 0.10611139 0.68802726
0.7153477 0.02567867 0.10760983 0.68995535
0.71411306 0.023638219 0.10538787 0.6916482
0.7126428 0.023438882 0.10454364 0.69329756
0.71149653 0.02330029 0.102742545 0.69474727
0.70954865 0.022948302 0.103782654 0.69659394
0.7081962 0.024128642 0.10283362 0.69806963
0.70571196 0.023621233 0.10256505 0.70063764
0.7036304 0.023671525 0.10338356 0.7026065
0.702458 0.023608457 0.101817645 0.70400894
0.70051605 0.022950698 0.10214831 0.7059152
0.6982462 0.023289409 0.10283068 0.7080507
0.69645524 0.023664538 0.10257642 0.70983666
0.6945111 0.024053354 0.1035721 0.7115817
0.69253016 0.023210134 0.10295647 0.71362686
0.69070834 0.024386829 0.10344589 0.7152805
0.688002 0.025242046 0.10550197 0.7175551
0.68636805 0.026819497 0.1063689 0.7189334
0.68531674 0.028216451 0.10453677 0.72015053
0.6836377 0.02701732 0.10391055 0.721881
0.68161374 0.026281925 0.10468231 0.7237083
0.6795305 0.025960457 0.105582654 0.7255457
0.6780944 0.024739042 0.103304036 0.727258
0.6759962 0.023705307 0.10259411 0.72934324
0.6741479 0.022859126 0.10247566 0.7310956
0.6722646 0.021978922 0.10105037 0.73305255
0.6703102 0.021696705 0.1007439 0.73489046
0.66824406 0.02075307 0.09999852 0.7368985
0.6661225 0.021148514 0.100444764 0.73874515
0.6643822 0.021247046 0.10047164 0.74030423
0.6625848 0.02055866 0.09985357 0.74201614
0.66103524 0.019149901 0.097282596 0.7437753
0.65910304 0.019294078 0.09749841 0.74545634
0.6570546 0.0179041 0.09628582 0.7474542
0.6551734 0.0199898 0.098075956 0.7488186
0.65318793 0.02064557 0.09826807 0.75050825
0.65154976 0.021417655 0.09797085 0.7519482
0.6488727 0.022447148 0.1001142 0.75394803
0.6464899 0.022806741 0.10176331 0.75576115
0.6443113 0.023004275 0.10202142 0.75757873
0.64169574 0.022498649 0.1034171 0.75962174
0.6388593 0.022531055 0.10544283 0.7617304
0.63670665 0.021932084 0.10468308 0.76365244
0.63423693 0.02203189 0.10599973 0.7655208
0.6322219 0.021662733 0.10517129 0.7673103
0.6290978 0.020427551 0.1060602 0.7697856
0.6263093 0.021361703 0.10735004 0.7718525
0.62423915 0.021457164 0.106360555 0.77366173
0.6213656 0.020743063 0.10718526 0.77587754
0.6185236 0.020538365 0.10770038 0.77807933
0.61650974 0.020569872 0.10702072 0.7797687
0.6138248 0.020412728 0.1070857 0.78187925
0.611135 0.021332366 0.108308144 0.783791
0.60848725 0.021792896 0.10932034 0.78569555
0.60590124 0.021282267 0.11001832 0.7876082
0.60314524 0.021220624 0.10997632 0.7897282
0.601206 0.02089132 0.10813114 0.7914686
0.59846073 0.02141081 0.10868012 0.7934576
0.5965645 0.019787833 0.10629578 0.7952486
0.593862 0.018647654 0.10636452 0.79728705
0.5801378 0.07735342 0.1712432 0.792548
0.5055891 0.2971693 0.45450526 0.670444
0.43546316 0.3559227 0.5889102 0.58040994
0.3536645 0.43058658 0.66406125 0.4985372
0.32371435 0.44627398 0.6866805 0.47383368
0.48557958 0.2519921 0.47789416 0.68726236
0.589583 -0.18770933 -0.023598552 0.785239
0.5267789 -0.26568854 -0.23340285 0.7729403
0.4612115 -0.35971224 -0.37309265 0.7202034
0.4194334 -0.40057814 -0.4501629 0.67894495
0.3955291 -0.43854797 -0.47803855 0.65016264
0.40397266 -0.43680787 -0.46739906 0.6538677
0.4538499 -0.40061808 -0.36943197 0.7050145
0.53889793 -0.34138578 -0.1719467 0.7506525
0.59463656 -0.22174442 -0.009113669 0.7727573
0.61726207 -0.06816697 0.13618824 0.77187663
0.5911605 0.088370085 0.29136726 0.74687696
0.5616273 0.23757257 0.42560253 0.6685781
0.40041283 0.42108664 0.6581252 0.47877637
0.3170235 0.48362473 0.7199381 0.38378665
0.24745324 0.51760817 0.75999004 0.30539134
0.2656216 0.522985 0.74795914 0.31062675
0.38124356 0.47947884 0.6455613 0.45607457
0.58442867 0.16224426 0.4514796 0.65443575
0.62758106 0.010673619 0.29885548 0.71882796
0.6189373 -0.092888296 0.09400911 0.7742421
0.5477691 -0.21222961 -0.0888921 0.8043667
0.46371627 -0.32217276 -0.2653408 0.78151536
0.4188465 -0.39976966 -0.36942458 0.72682685
0.3915862 -0.44097924 -0.4160176 0.6921899
0.39242643 -0.44765007 -0.41175783 0.6899756
0.45920438 -0.3927406 -0.30853593 0.73463714
0.6547728 -0.1577484 -0.020417452 0.7388986
0.69824374 -0.071878135 0.07842148 0.7079119
0.7224425 0.026356038 0.22244026 0.65414256
0.7005102 0.05808097 0.22391765 0.67510957
0.60909104 0.050638616 0.1665625 0.7737575
0.45744026 -0.010648906 0.13586634 0.87873507
0.27228805 -0.06598014 0.1467449 0.9486685
0.09781567 -0.112593174 0.07861161 0.98568517
-0.037683785 -0.13894129 0.032008257 0.98906565
-0.09938508 -0.15101743 0.022171782 0.98327255
-0.041869223 -0.15508997 0.0081042 0.9869794
0.12926324 -0.17202878 0.009897382 0.97652406
0.34917852 -0.13561118 0.046166014 0.9260415
0.53573954 -0.08874488 0.095366135 0.8342738
0.6066501 -0.041324556 0.13207547 0.7828308
0.6222595 -0.007771492 0.1529956 0.76767504
0.6911073 0.0050905636 0.20993432 0.69157255
0.8093778 -0.01906246 0.25132143 0.53045446
0.9096791 0.026105873 0.25381777 0.3276873
0.9529151 0.041292556 0.254377 0.15981284
0.9663017 0.025734164 0.24603859 0.07116114
0.97044885 0.053507052 0.23529473 0.0015804544
0.97003794 0.060556717 0.23523907 0.004669415
0.9602596 0.049960736 0.25337237 0.10586717
0.92342216 0.022095177 0.25755027 0.28367472
0.83370477 -0.011886418 0.24481806 0.49483266
0.7704521 -0.001006782 0.22110604 0.5979254
0.77898514 0.011679701 0.19552907 0.5956629
0.75994045 -0.009107232 0.18339917 0.6235161
0.6218819 -0.070034206 0.14392807 0.76657873
0.42420515 -0.11167532 0.1297127 0.88924307
0.21515928 -0.123781264 0.12340064 0.96081054
0.08907093 -0.12308681 0.11300359 0.9819094
0.061566506 -0.1450364 0.14321539 0.9770688
0.11607674 -0.15117884 0.13532467 0.97229546
0.27391624 -0.16017264 0.14903452 0.9365379
0.49356648 -0.11727613 0.13593616 0.8509759
0.77615005 -0.010132849 0.12008062 0.6189258
0.76873654 -0.013468623 0.11646778 0.6287272
0.78844523 -0.013472378 0.12993924 0.6010727
0.84241515 -0.030189931 0.16954803 0.5105671
0.9303721 -0.03772801 0.18073179 0.3167341
0.9877248 -0.0075164437 0.15485503 0.019061184
0.98865396 0.007887084 0.13928992 -0.05567372
0.9813557 0.025472134 0.14123043 -0.12785184
0.979987 0.03248772 0.14033183 -0.13739341
0.9854575 0.030060155 0.1522986 -0.06910175
0.9714395 -0.037165225 0.16810599 0.16329296
0.9092415 -0.028378189 0.15744863 0.38429743
0.8324958 -0.025357187 0.10411313 0.5435698
0.80649084 -0.022362411 0.0857706 0.5845646
0.79322916 -0.015411437 0.080597095 0.6033691
0.7995923 -0.0026622415 0.07543591 0.59578055
0.7856571 0.01098541 0.016534539 0.6183436
0.75950986 0.12106632 -0.10863894 0.6298295
0.70280325 0.27040663 -0.25662303 0.60588145
0.6247303 0.3998389 -0.38215947 0.55117613
0.5503578 0.49050876 -0.48517656 0.47022462
0.51955545 0.5221615 -0.51902455 0.43361628
0.5512424 0.49156094 -0.46674573 0.4864649
0.61775047 0.41091353 -0.3205818 0.5888648
0.6691211 0.28562355 -0.1610263 0.66690826
0.6905759 0.12161198 -0.021064222 0.7126513
0.6991349 0.036124244 0.042100087 0.7128345
0.711064 0.058001466 0.012040605 0.70062757
0.7175637 0.04421362 0.03495369 0.6942088
0.71861833 -0.026689708 0.13671412 0.6813109
0.7055439 -0.20466405 0.25812584 0.62744856
0.6135894 -0.3753327 0.37404856 0.58542395
0.5145026 -0.51446533 0.46484458 0.50451165
0.4662231 -0.5800369 0.49403694 0.44957864
0.4730503 -0.5761938 0.49959573 0.44116688
0.5241862 -0.53599894 0.43940952 0.49482653
0.7006446 -0.20279282 0.2291214 0.64457405
0.72518873 -0.05880314 0.09932122 0.678807
0.7188344 0.038777273 0.0044893036 0.6940844
0.71432513 0.052052617 -0.02305162 0.6974947
0.71238256 0.055717375 -0.035628736 0.6986682
0.7075522 0.11704 -0.09265578 0.69071454
0.66753554 0.27367446 -0.23957652 0.6496934
0.4968995 0.47417694 -0.5650742 0.4570978
0.53129715 0.45805866 -0.49102104 0.5165307
0.69182146 0.2890605 -0.22272295 0.6230743
0.7451612 0.16334106 -0.07933271 0.6416859
0.7588866 0.09553987 0.008353852 0.6441222
0.7634001 0.04227335 0.05796374 0.64192957
0.75755733 -0.011737883 0.09602478 0.64556044
0.7428209 -0.18301654 0.17676012 0.6192559
0.6619198 -0.38924295 0.27025646 0.5807871
0.52669895 -0.61189234 0.44107565 0.39195448
0.5093857 -0.62720305 0.4554132 0.37382004
0.5134653 -0.6381564 0.42194524 0.38868004
0.62997943 -0.5147442 0.28437993 0.50724006
0.66530067 -0.32203352 0.21419893 0.63858294
0.65434873 0.046207916 0.08136826 0.7503811
0.656012 0.049217887 0.0851387 0.7483164
0.66292495 0.0407986 0.06617057 0.7446391
0.6599354 0.056087162 0.034199134 0.74844503
0.6655356 0.05017123 0.042571373 0.74346006
0.67243403 0.034353055 0.073673956 0.73567957
0.6667674 0.049900774 0.10697893 0.73585784
0.6588968 0.07146351 0.14270958 0.7351067
0.6533678 0.0896409 0.178849 0.73012877
0.6481684 0.10501991 0.21152602 0.7239511
0.640219 0.12268062 0.2510272 0.7155798
0.62978536 0.1226442 0.25333112 0.72398347
0.6724577 0.077307716 0.08268919 0.73142785
0.6742305 -0.092151046 -0.04222554 0.73153156
0.6626497 -0.15037024 -0.21142012 0.70255667
0.6500532 -0.1349963 -0.22939765 0.71174693
0.65331674 -0.097414196 -0.19388425 0.7253252
0.65293795 -0.07062948 -0.15329874 0.73836505
0.6525014 -0.05238402 -0.119218946 0.7465151
0.6517478 -0.03736478 -0.08874279 0.7522988
0.64989245 -0.02501756 -0.063667715 0.7569415
0.64702487 -0.015431941 -0.040678382 0.76122653
0.64487255 -0.013172388 -0.035383344 0.763357
0.63782156 -0.011926949 -0.03189683 0.76943094
0.6353539 -0.011038065 -0.03008753 0.77155566
0.63076276 -0.010293961 -0.028137505 0.7753972
0.6285601 -0.009433627 -0.026198804 0.77726233
0.6263329 -0.008787811 -0.02472794 0.77911395
0.62394446 -0.009099364 -0.024618447 0.7810278
0.621366 -0.008673072 -0.023379505 0.7831236
0.6187803 -0.0077453256 -0.021429002 0.7852336
0.6162371 -0.0066720247 -0.019380867 0.7872939
0.61369306 -0.0065760016 -0.018983722 0.7892891
0.6111657 -0.0057427883 -0.017668605 0.7912847
0.6085526 -0.0052511096 -0.01677388 0.7933189
0.60690737 -0.0037235618 -0.014514685 0.7946313
0.6042303 -0.0033012629 -0.013709784 0.7966848
0.60169846 -0.0032560825 -0.013153911 0.7986083
0.59956044 -0.0015855432 -0.01044631 0.8002598
0.5971327 -9.281635E-4 -0.008761048 0.8020941
0.59459215 -8.72612E-4 -0.007928014 0.80398786
0.59249216 -1.9150972E-4 -0.0065205097 0.8055498
0.5905869 0.0019180886 -0.0032285452 0.8069654
0.5882563 0.0034071049 -5.8722496E-4 0.8086672
0.5860636 0.005183031 0.0027153073 0.8102439
0.58351666 0.0064888652 0.005345566 0.81205755
0.5810671 0.0070928736 0.0068974933 0.81379545
0.5599779 0.016781053 0.026855132 0.82790214
0.55753493 0.018369265 0.029746324 0.829417
0.5551065 0.01959308 0.032137107 0.83092725
0.5528065 0.02127238 0.034888335 0.8323072
0.5501684 0.022154741 0.036850132 0.83394593
0.54727745 0.023297723 0.039053835 0.835715
0.5446333 0.024479419 0.04105361 0.83731115
0.54181904 0.025762338 0.043568894 0.83896977
0.53880644 0.026789282 0.04567675 0.84076375
0.5355934 0.027404053 0.046982154 0.8427226
0.5320956 0.028727658 0.050511044 0.8446878
0.52882814 0.029684976 0.052517507 0.84658223
0.52612704 0.030995289 0.05454149 0.84808886
0.5231796 0.031614795 0.055579133 0.8498203
0.51999104 0.03233017 0.05740316 0.85162723
0.5167053 0.033142157 0.059466645 0.85345244
0.5134218 0.03400401 0.061595127 0.8552472
0.5105412 0.034341615 0.062690064 0.85687697
0.5069482 0.035228495 0.065076284 0.8587943
0.50364727 0.036093485 0.067395724 0.86052
0.50091374 0.03697825 0.06889094 0.86195827
0.49781454 0.0378329 0.07088952 0.86355317
0.49482128 0.038827676 0.072643705 0.86508226
0.49134108 0.03886827 0.07341661 0.8669967
0.48778906 0.038867436 0.07464791 0.8688953
0.48415047 0.03962656 0.076641604 0.87072045
0.4802906 0.040706635 0.07943215 0.8725564
0.47628573 0.041508626 0.08199575 0.8744745
0.4724916 0.042740524 0.084934495 0.87619126
0.46906713 0.043479107 0.087052524 0.8777855
0.4655242 0.04426357 0.08860333 0.8794756
0.4620347 0.04473076 0.08947881 0.8812018
0.45821705 0.045264903 0.09091832 0.8830187
0.45506963 0.046266437 0.092521004 0.884427
0.45095977 0.046430722 0.09366859 0.88640034
0.44687867 0.04657835 0.09481389 0.8883357
0.44276768 0.046568975 0.0957545 0.8902917
0.43885183 0.04667523 0.09687935 0.89210147
0.4351186 0.04749629 0.09867268 0.8936888
0.43101948 0.0479051 0.10029649 0.89547074
0.42773634 0.048390467 0.10092797 0.8969468
0.42343464 0.04868081 0.10267739 0.89877176
0.41894343 0.04880641 0.10428671 0.90068233
0.41460773 0.04935482 0.105712436 0.90249074
0.4098364 0.049208697 0.1066634 0.9045637
0.40632147 0.049289715 0.10712278 0.90608954
0.4020465 0.050262388 0.10924715 0.907688
0.39768416 0.050962616 0.111148305 0.90933836
0.39367616 0.051877487 0.11291682 0.91081154
0.38896453 0.051948886 0.114887565 0.91258365
0.384658 0.052306265 0.11611227 0.914232
0.38001454 0.053214997 0.117987275 0.91588
0.375363 0.05352529 0.11917993 0.91762406
0.3715518 0.053527474 0.11932663 0.91915464
0.36664078 0.053170845 0.119633 0.9211055
0.3623544 0.052748404 0.11921651 0.92287827
0.3582791 0.052838534 0.119547926 0.9244201
0.3536237 0.053325817 0.12082523 0.9260172
0.34898907 0.053215533 0.121512495 0.9276904
0.3441718 0.053099368 0.12234592 0.9293857
0.33967456 0.05326194 0.122793876 0.9309705
0.3349675 0.053802427 0.12410569 0.9324698
0.330494 0.054547336 0.12517473 0.9338788
0.32636714 0.05407935 0.1249654 0.9353842
0.31749916 0.053765636 0.12515613 0.93842393
0.31229576 0.0533811 0.12544033 0.94015247
0.30751112 0.054075878 0.12653127 0.9415426
0.30299386 0.053863104 0.12647732 0.9430254
0.297806 0.053845827 0.12735827 0.94455916
0.2884206 0.0533942 0.12737505 0.9474905
0.28363305 0.05334966 0.12761264 0.9489053
0.2788206 0.052727055 0.1271288 0.95043
0.27386525 0.052814577 0.1276286 0.95179796
0.26836425 0.052990623 0.1284057 0.9532495
0.26330778 0.052633226 0.1283141 0.95469064
0.25250974 0.05192158 0.12884243 0.95757127
0.24713044 0.052077997 0.12942947 0.958886
0.24223584 0.052181553 0.12962507 0.9601022
0.23745318 0.05160572 0.12893668 0.9614199
0.23223622 0.051531255 0.12913927 0.9626702
0.22716416 0.05155632 0.12928875 0.9638583
0.2223474 0.051258788 0.12888804 0.9650503
0.21710111 0.050829105 0.12861548 0.9663031
0.21202584 0.05105803 0.12884277 0.9673871
0.20708111 0.050598226 0.12848216 0.96852964
0.20161252 0.05068232 0.12878148 0.9696386
0.1965722 0.050132748 0.12831984 0.97076267
0.19141318 0.049794167 0.12787226 0.97186947
0.18584257 0.04935331 0.1272862 0.9730494
0.18047355 0.048514146 0.12652765 0.9742005
0.17549892 0.0481178 0.12601757 0.9751945
0.17002532 0.04792272 0.12599562 0.9761762
0.16445428 0.04769622 0.12568842 0.9771808
0.15954153 0.047161013 0.124923415 0.9781189
0.15440908 0.046870925 0.12449634 0.9790106
0.14948395 0.04686384 0.12410437 0.9798247
0.14410664 0.04706832 0.124267206 0.98059964
0.13871586 0.046141442 0.12329368 0.9815434
0.13321976 0.045517348 0.12257114 0.9824241
0.12779431 0.04500258 0.1220057 0.9832385
0.12234904 0.0441883 0.12107074 0.98408335
0.116969846 0.04386194 0.12003374 0.9848788
0.111668795 0.043823935 0.11931616 0.9855827
0.106145866 0.0431172 0.118512556 0.98632085
0.100740954 0.042099487 0.11738962 0.9870657
0.09536046 0.041573845 0.11645665 0.9877327
0.090074085 0.04105754 0.11550198 0.98836243
0.08406415 0.040991906 0.11556026 0.9888876
0.0782462 0.041026507 0.11543297 0.9893784
0.073353335 0.040007394 0.11386662 0.9899764
0.067936175 0.039275218 0.11284859 0.9905087
0.062444463 0.038339164 0.11132882 0.99107856
0.056674384 0.037936646 0.110737935 0.9915069
0.051323958 0.037266884 0.10952471 0.9919584
0.045497693 0.03667339 0.10867116 0.9923587
0.039853815 0.036188968 0.10780453 0.99271363
0.034493186 0.035946682 0.10719384 0.99298924
0.028889904 0.03594999 0.10672524 0.99321836
0.023230882 0.03610782 0.10656355 0.99337846
0.017639227 0.035804175 0.10582645 0.9935832
0.012485577 0.034872096 0.10411198 0.9938756
0.0069501055 0.034633853 0.103309065 0.9940219
0.0015713274 0.034371812 0.10249379 0.9941384
-0.0043063164 0.033717167 0.10143011 0.99426186
-0.015754223 0.033080343 0.09997851 0.9943148
-0.021519601 0.032947417 0.09943028 0.9942661
-0.027107 0.032555025 0.09848871 0.9942361
-0.038101852 0.031691182 0.096515104 0.99409693
-0.043494344 0.03179559 0.09622492 0.9939004
-0.049383044 0.032488015 0.096268155 0.99359864
-0.055039644 0.032760255 0.09593865 0.9933243
-0.06594741 0.03449076 0.09587101 0.99260783
-0.07161671 0.035362255 0.095645085 0.992206
-0.07710236 0.035478465 0.09482167 0.9918697
-0.08268541 0.0356268 0.09409114 0.9914841
-0.08811176 0.03564344 0.0929827 0.9911207
-0.092998445 0.035132967 0.09160085 0.99082094
-0.09806812 0.034662787 0.09028594 0.9904694
-0.103352904 0.03414187 0.08883403 0.99008137
-0.1081146 0.033791482 0.08723454 0.98972696
-0.11313707 0.03324081 0.08590739 0.9893003
-0.118555486 0.0333301 0.084996246 0.9887414
-0.12380046 0.03293116 0.0840245 0.9881948
-0.1291281 0.03315724 0.08350157 0.9875496
-0.13415354 0.032619633 0.0821059 0.98701435
-0.13931692 0.032219376 0.08103816 0.9864003
-0.1445921 0.032370683 0.08093698 0.9856442
-0.14989513 0.032414123 0.08045428 0.98488975
-0.15526599 0.032262966 0.07958299 0.9841332
-0.16013604 0.031636667 0.078627035 0.9834498
-0.16542685 0.031201601 0.07761387 0.9826681
-0.17110425 0.030914705 0.07701014 0.9817521
-0.17631948 0.030612204 0.07604221 0.9809138
-0.18132102 0.030210672 0.07509102 0.9800874
-0.18644339 0.029716987 0.07411696 0.9792152
-0.19638258 0.028875533 0.07195968 0.9774569
-0.20128214 0.028094493 0.070671976 0.9765765
-0.20626181 0.027693605 0.06967934 0.9756198
-0.21120608 0.02692697 0.068443514 0.97467047
-0.21531671 0.026228976 0.06703035 0.9738879
-0.21960998 0.025439171 0.06568804 0.97304136
-0.22383738 0.02482452 0.06445571 0.97217596
-0.22826034 0.024311563 0.063453585 0.9712259
-0.23325545 0.02378669 0.062416103 0.97011876
-0.23691374 0.022946764 0.060622554 0.96936584
-0.24097276 0.022371894 0.059698645 0.9684357
-0.24549353 0.02197267 0.05890009 0.96735764
-0.24956918 0.021441571 0.057813454 0.9663918
-0.2535329 0.02091417 0.056557912 0.96544546
-0.2580582 0.020693585 0.056007333 0.9642826
-0.26227665 0.020225072 0.05469784 0.96322906
-0.26657653 0.019275876 0.053262014 0.96214795
-0.27024865 0.018914578 0.052110165 0.96119326
-0.2739386 0.018382221 0.05113089 0.9602111
-0.27790582 0.018493323 0.05090924 0.95908004
-0.2817675 0.017557874 0.049381025 0.9580502
-0.28543103 0.016899258 0.047950074 0.9570499
-0.2896309 0.016533123 0.046911262 0.9558451
-0.293831 0.016491532 0.046106882 0.95460236
-0.2984473 0.01646386 0.045742463 0.95318717
-0.30257082 0.01645687 0.045426384 0.9519015
-0.3059075 0.015875325 0.04419787 0.9509022
-0.31012005 0.015919875 0.04369139 0.94955945
-0.3151585 0.01630534 0.043938056 0.94788116
-0.31937075 0.01626496 0.043322142 0.9464994
-0.32297802 0.015823375 0.042532083 0.9453178
-0.32751274 0.016458683 0.04262855 0.94374114
-0.33180726 0.016303666 0.042121105 0.9422654
-0.33553565 0.015970616 0.04127399 0.9409874
-0.339293 0.016428657 0.041391183 0.9396261
-0.3494858 0.016324632 0.039821442 0.93595266
-0.35302037 0.015901905 0.03881493 0.9346749
-0.35568726 0.015726365 0.038147163 0.9336938
-0.35724247 0.015001311 0.036805235 0.9331657
-0.3597374 0.01433036 0.035559222 0.9322656
-0.36242342 0.014030201 0.03491131 0.93125385
-0.36447954 0.013370848 0.033642914 0.9305075
-0.36723852 0.013061178 0.032984104 0.92945004
-0.37008727 0.012843535 0.03228619 0.928347
-0.37357557 0.0122221485 0.03116807 0.92699546
-0.37548125 0.011447163 0.02976637 0.92628115
-0.3774919 0.010958576 0.028862353 0.9254981
-0.38008744 0.01065596 0.028143035 0.9244609
-0.38174957 0.01047112 0.027622174 0.9237936
-0.38743836 0.009958958 0.026335316 0.92146564
-0.38958037 0.009363497 0.02534642 0.92059606
-0.3918556 0.009001831 0.024644272 0.9196526
-0.39435554 0.0088828895 0.024171516 0.91859704
-0.39655942 0.008897158 0.023854502 0.917656
-0.39889604 0.0086035635 0.023209376 0.916662
-0.40125597 0.0081198085 0.022390645 0.9156562
-0.40328038 0.008126219 0.0222013 0.91477096
-0.40508014 0.007965716 0.021744601 0.9139879
-0.4058479 0.0076439464 0.021096222 0.9136652
-0.40783668 0.0072654653 0.020367548 0.9127988
-0.4092946 0.0070110103 0.019726722 0.91216207
-0.4104933 0.006664158 0.019120662 0.91163874
-0.41237104 0.006885403 0.019205164 0.9107875
-0.41513705 0.0069758072 0.019112935 0.9095313
-0.41698956 0.0066874875 0.018506408 0.9086983
-0.41836035 0.0064943144 0.017945291 0.90808064
-0.4220729 0.006032992 0.017015435 0.9063822
-0.42435515 0.0059111733 0.016692426 0.9053226
-0.4259771 0.005924317 0.01648918 0.90456426
-0.42768824 0.0057216603 0.0160496 0.9037657
-0.4292282 0.005337406 0.015459677 0.90304804
-0.42948377 0.0061338553 0.0118307285 0.9029763
-0.43140876 -0.01372987 0.039878637 0.90117013
-0.4297579 -0.035464883 0.15875511 0.8881708
-0.40097964 -0.12580216 0.3158214 0.8506739
-0.35111248 -0.21317804 0.49958897 0.76268345
-0.29006112 -0.29946887 0.6525985 0.63269114
-0.2362349 -0.3440553 0.760762 0.49705166
-0.2208429 -0.34422565 0.76930606 0.49082106
-0.2858042 -0.26307034 0.675656 0.62657714
-0.32528394 -0.20485187 0.5138907 0.7669046
-0.35354853 -0.21416527 0.29723242 0.86069137
-0.37743258 -0.17783117 0.07511657 0.90569216
-0.3746574 -0.07707989 -0.1348468 0.91406065
-0.40956736 -0.013327599 -0.33366597 0.84896636
-0.41619384 0.051793948 -0.50057244 0.7573159
-0.39505672 0.08247888 -0.6120516 0.6800885
-0.39163768 0.097885825 -0.6793961 0.61274725
-0.38243246 0.09082363 -0.7063853 0.5886564
-0.39310133 0.06029044 -0.6607892 0.6365486
-0.39692783 -0.048221946 -0.5257299 0.75082034
-0.41732502 -0.20183194 -0.124359846 0.8772903
-0.40382957 -0.24359626 0.104857005 0.8755499
-0.40701473 -0.3256966 0.31518832 0.79304296
-0.35435784 -0.39731598 0.47665718 0.6995488
-0.20722198 -0.4749211 0.66895026 0.53293025
-0.18911839 -0.4761908 0.7064732 0.48823386
-0.21613729 -0.42723334 0.68756574 0.54590267
-0.27844393 -0.34764087 0.6092597 0.65606195
-0.3338833 -0.28096497 0.44263783 0.7833597
-0.377362 -0.27765042 0.2238905 0.8546235
-0.41388035 -0.22399676 0.0075320667 0.88231045
-0.43535113 -0.09180248 -0.18296134 0.8766794
-0.4595545 -0.00751096 -0.35567164 0.813788
-0.455181 0.05541303 -0.5274312 0.7152316
-0.4319923 0.12932172 -0.59568834 0.66469085
-0.41752046 0.15344785 -0.6583457 0.607216
-0.4075951 0.1270498 -0.6722938 0.6047692
-0.415981 0.09663337 -0.6618544 0.61609304
-0.43684435 0.033649314 -0.60582715 0.6640845
-0.45385015 -0.087378144 -0.46849048 0.7529289
-0.423854 -0.15244997 -0.27493906 0.84942055
-0.29819572 -0.15957057 -0.077090144 0.93790925
-0.20643508 -0.13852406 0.05549972 0.96701366
-0.20057821 -0.12087339 0.050069015 0.97090226
-0.294694 -0.122869015 0.0069908183 0.9476338
-0.50569606 -0.11788523 -0.013727963 0.8545093
-0.68828005 -0.13980162 -0.030398667 0.7111977
-0.82878375 -0.16078836 -0.07212752 0.53109545
-0.8826375 -0.18352377 -0.115492284 0.4170512
-0.8935796 -0.18676758 -0.11756307 0.3909121
-0.8338163 -0.1838513 -0.10924721 0.5089345
-0.7019157 -0.15005308 -0.10303503 0.688609
-0.5383669 -0.11662644 -0.06000012 0.83244175
-0.47461832 -0.0946756 -0.043548822 0.87400085
-0.45120966 -0.11078751 -0.02769792 0.88508123
-0.35326612 -0.14271522 -0.025740206 0.9242147
-0.1386236 -0.1361987 0.015369911 0.98081464
0.09479055 -0.07712853 0.05310828 0.99108297
0.31029862 -0.011931717 0.10376763 0.94488347
0.40893525 0.0039497763 0.059825018 0.91059184
0.442188 0.012653896 0.03486341 0.8961553
0.3735969 -0.018812835 0.03178781 0.9268555
0.15508424 -0.08024454 0.04594293 0.98356444
-0.13096619 -0.1293515 0.011574461 0.98284394
-0.17660975 -0.11273962 -0.02063024 0.97758543
-0.23409134 -0.1262021 -0.034262 0.96337974
-0.4248277 -0.16952765 -0.048731685 0.8879229
-0.61859816 -0.19949341 -0.07641655 0.756108
-0.774558 -0.19061959 -0.08319974 0.5973289
-0.81763375 -0.21796024 -0.10039371 0.5233446
-0.80351096 -0.22751492 -0.11079109 0.5388251
-0.7084835 -0.20776695 -0.15010452 0.6575353
-0.5481039 -0.16190135 -0.18816543 0.7987263
-0.3553148 -0.11583108 -0.17165327 0.9115206
-0.23553312 -0.066530704 -0.17172205 0.9542586
-0.23914015 -0.046720147 -0.19161093 0.95074415
-0.2432391 -0.09181082 -0.19681162 0.9453416
0.143074 -0.111531556 -0.068148494 0.98104346
0.3642994 -0.08625066 0.033710197 0.9266663
0.46732563 -0.06190324 0.030038768 0.88140374
0.4954842 -0.029631019 0.007297202 0.86808074
0.4476654 -0.037665963 -2.4104118E-4 0.89340746
0.2617208 -0.06251836 -0.018837154 0.9629324
0.039588764 -0.10455048 -0.022592008 0.9934745
-0.15252745 -0.121516824 -0.045071483 0.97976404
-0.17540073 -0.09915906 -0.040784538 0.9786412
-0.1745956 -0.09914446 -0.037490726 0.9789184
-0.15185732 -0.07128835 -0.049554586 0.984582
-0.11575258 -0.04279405 -0.0740571 0.98958856
-0.10325277 -0.04313779 -0.07794613 0.9906576
-0.11791819 -0.03439766 -0.08416748 0.98885185
-0.15268052 0.0639224 -0.10334021 0.98077697
-0.16353929 0.26274103 -0.020137787 0.9506926
-0.17869449 0.46576512 0.043463256 0.8655877
-0.16898656 0.629181 0.069776155 0.7554509
-0.14232087 0.6949923 0.067416795 0.70155925
-0.18550438 0.6062764 0.07265334 0.76989526
-0.22839886 0.42677897 0.05378153 0.873385
-0.2490353 0.2598022 0.0023824275 0.93299437
-0.2555467 0.14878318 0.006112802 0.9552603
-0.24689054 0.087701716 0.011246797 0.96500105
-0.2481938 0.06447342 8.8764075E-4 0.9665621
-0.21252269 -0.33136606 -0.100252986 0.9137724
-0.19703013 -0.5108194 -0.20273256 0.8118757
-0.12560546 -0.6412055 -0.27714336 0.70446455
-0.13195205 -0.64713967 -0.27967584 0.69683605
-0.1810103 -0.55975235 -0.22205108 0.77756405
-0.21870196 -0.39060652 -0.117322385 0.88647133
-0.24065971 -0.2189421 -0.02184254 0.9453413
-0.25249398 -0.14287561 -0.018088281 0.95682085
-0.25552428 -0.07996386 -0.011952579 0.9634159
-0.25804275 0.016778871 0.006731759 0.9659643
-0.26778245 0.21920027 0.05347528 0.9366879
-0.29674935 0.43406764 0.08631851 0.8462118
-0.24948585 0.6287516 0.07756458 0.73240155
-0.18642789 0.7465659 0.09334594 0.63179946
-0.16184664 0.80345273 0.121355526 0.55994844
-0.17949426 0.7779935 0.112436555 0.5914946
-0.25430155 0.60989046 0.13065599 0.7391165
-0.29376054 0.41411075 0.11026629 0.85443455
-0.30455482 0.22617644 0.040155966 0.92437977
-0.31044102 0.104193695 0.017965022 0.9446943
-0.30960917 0.05377289 -0.004568219 0.9